vla: arch = evo1
vla(evo1): lm=896d×14L (14q/2kv×64) inter=4864  embed=896 dit=8L×8h  horizon=50 per_a=24 N_steps=32  resident matmul=BF16
vla(evo1): backend = SYCL (device 0: Intel(R) Arc(TM) Pro B70 Graphics)
vla(evo1): weights resident in 1.20 GiB (bf16) - incl. InternViT vision tower
action_len=1200
-0.243975803
0.320141315
-0.462642193
0.076387994
-0.0538232028
0.0469658338
0.890358925
-1.53327004e-08
-2.07400586e-08
5.94920424e-09
-5.94959593e-09
8.91475604e-09
-2.06681747e-08
6.86337431e-09
8.21154877e-09
5.62752778e-09
-1.21329879e-08
3.40231345e-08
1.38725502e-08
-8.95911345e-09
1.95523295e-08
2.96676141e-08
-5.12439469e-09
-5.44698731e-09
-0.232794508
0.294893265
-0.465748221
0.0773003176
-0.0460789129
0.0442449972
0.890944421
2.66357532e-08
1.59600111e-09
7.46361284e-09
-1.56578253e-08
6.27973951e-10
-1.00823589e-08
5.17968113e-09
3.89567534e-09
1.69919172e-08
-1.09374765e-09
2.32947048e-08
1.10228768e-08
3.42121265e-09
4.15147738e-09
1.37900695e-08
1.03487041e-09
1.70166832e-08
-0.244679123
0.298958719
-0.48417154
0.0781546161
-0.0470417626
0.0438021868
0.891813278
1.53975623e-08
1.15672805e-08
3.48079165e-09
1.9481261e-08
-1.48270534e-08
2.36085835e-08
-1.19587646e-08
-5.85025539e-09
-1.20466401e-08
1.55065294e-08
-2.41456082e-08
2.0240142e-08
4.47040671e-09
3.11757797e-09
2.79697021e-09
-1.51784119e-09
-1.25354145e-08
-0.251818568
0.313771099
-0.491672993
0.0752414912
-0.0455791131
0.0456069931
0.890476108
-9.28861488e-10
6.8483228e-09
6.75215173e-09
1.03270414e-08
-4.5098334e-09
8.27125213e-09
1.75004089e-09
7.36396988e-09
-7.85701726e-09
1.44086281e-08
1.06900622e-08
8.80740725e-09
3.51522766e-09
1.89143083e-08
7.90345389e-09
3.07396739e-08
1.38795144e-08
-0.252358049
0.318125248
-0.494413495
0.0715594366
-0.0450381674
0.0424179807
0.892045617
1.61916619e-10
1.89613107e-08
1.56326134e-08
1.88334015e-09
6.62506272e-09
-2.40486138e-08
1.08408749e-09
2.28051622e-08
9.72511849e-09
7.02385594e-10
1.14159002e-08
7.77791076e-09
4.32961222e-09
1.60043001e-08
-8.177099e-09
1.68153491e-08
5.75988057e-09
-0.249032989
0.300215244
-0.489008904
0.0703742951
-0.0423549227
0.039578408
0.892508686
2.15297185e-08
2.66798339e-09
5.88521543e-09
1.32358835e-08
9.95396476e-09
2.03146548e-08
2.4856142e-08
2.09304147e-08
1.09950866e-08
-9.06154529e-09
-1.99152472e-09
1.01955875e-08
-7.22993487e-09
1.17668399e-08
2.50881058e-08
-1.38868694e-10
8.68273986e-09
-0.245886922
0.304336846
-0.4846479
0.0709771737
-0.038564872
0.0365323164
0.892952681
7.81731302e-09
8.57941451e-09
8.65747207e-09
5.3962208e-09
-1.52251651e-08
1.7800815e-08
-1.47176082e-09
-1.0136584e-08
3.48827828e-10
-5.74224712e-09
1.74256094e-08
1.54689639e-09
8.03709899e-09
-3.14754733e-09
2.65497544e-08
1.37287293e-08
1.25631505e-08
-0.237412423
0.304920673
-0.468790293
0.0720869005
-0.0327119865
0.0350829475
0.891170382
2.09565574e-08
5.7111329e-09
-8.2911642e-09
2.23640786e-08
2.01706101e-08
-6.0417582e-09
-6.61876776e-10
1.10108456e-08
-7.74011166e-09
2.47437537e-09
2.48221497e-08
-5.53670754e-09
2.4904331e-08
2.41905553e-08
1.88748874e-08
3.85889898e-09
6.44521725e-09
-0.227326035
0.307495236
-0.443551928
0.073249273
-0.0297370516
0.0316538587
0.890848696
9.07174158e-09
2.40990001e-08
1.63661866e-08
2.45430449e-08
-3.84012466e-09
-1.61047176e-08
1.38835592e-08
1.27897577e-08
1.11412373e-08
1.50955586e-08
4.10083274e-08
-8.03286149e-09
4.9160902e-09
2.45793501e-08
1.13864083e-08
1.15046976e-08
8.37465741e-09
-0.214767143
0.273299336
-0.41902104
0.0745922551
-0.0298541896
0.0259236805
0.891890347
1.78668937e-08
5.20705867e-10
-1.23521211e-08
1.88453794e-10
8.00825717e-09
6.7228674e-11
2.75857861e-08
1.55230229e-08
1.1307808e-08
1.914945e-08
7.49940199e-09
6.73788936e-09
5.37696687e-09
7.21929272e-09
1.00061781e-08
7.3540698e-09
1.22059536e-08
-0.222209945
0.270670146
-0.422858179
0.0739419758
-0.0291525964
0.0278583393
0.891044974
2.06122532e-08
-1.62708158e-08
-1.23042305e-08
1.84410709e-08
8.75254591e-10
9.52825285e-09
9.77488313e-09
1.56404312e-08
-3.47731222e-09
-2.72008166e-10
2.53362054e-10
-2.00150758e-08
1.38157246e-08
4.52627003e-09
2.81381514e-08
-9.67177627e-09
1.03408553e-08
-0.225038067
0.278930396
-0.427416503
0.0724519268
-0.027487874
0.0314691328
0.890686512
1.93999572e-08
1.32788953e-08
1.65234191e-08
-4.08232215e-12
9.36379951e-09
2.56323176e-08
4.66654804e-09
-1.290997e-08
-1.72004739e-08
-6.7484569e-09
2.05309014e-08
-7.90913723e-10
1.17881109e-08
2.48847609e-08
-1.97187777e-09
9.65258429e-10
-1.08750164e-09
-0.238205224
0.288222641
-0.438588113
0.0707539618
-0.0289816018
0.031842459
0.891160607
7.40585415e-09
-3.24280269e-10
-7.39099004e-09
2.29915056e-08
1.41006646e-08
5.58725599e-09
-1.29255007e-08
-3.08927417e-09
6.06321882e-09
5.58085711e-09
1.13025793e-08
9.43829459e-09
8.63770655e-09
-1.11778427e-08
1.04125437e-08
3.71042419e-09
2.21339267e-08
-0.243801236
0.271331191
-0.452290297
0.0701046959
-0.0296946224
0.0291562565
0.8944574
9.49613099e-09
2.16247074e-08
2.2544862e-08
1.11630385e-08
3.17192423e-08
-1.60723213e-09
-1.3671948e-08
3.07570169e-09
1.93156193e-08
2.10394173e-08
-5.85054982e-09
-7.17953785e-09
1.01790718e-08
8.46162784e-09
1.03397344e-08
1.77931163e-08
1.32717544e-08
-0.253872246
0.289232612
-0.471625388
0.0706757829
-0.0325244777
0.0313433781
0.894515336
1.86913618e-09
7.03585545e-09
-1.76028632e-08
9.34933819e-09
-8.77885942e-09
-6.62865651e-10
5.80143045e-09
-1.23239996e-08
5.81724624e-09
-4.12537449e-10
7.18010718e-09
3.25018989e-09
-6.19141716e-09
-7.66254438e-09
-9.14592135e-09
-2.69222489e-09
-2.27750387e-08
-0.264585882
0.311672807
-0.503207386
0.0708872676
-0.0316896513
0.0339737609
0.895913601
-4.76473883e-09
-1.02527906e-08
-4.44229942e-09
1.48722741e-08
1.87955838e-08
1.22894903e-08
6.5022574e-09
3.26839533e-08
1.16919985e-08
1.9321762e-08
7.04925496e-09
2.95038016e-09
1.37928735e-08
-6.35857589e-09
2.11517204e-09
3.20286464e-10
1.70568359e-08
-0.280112952
0.34460786
-0.515790522
0.0714696273
-0.0348803774
0.0340603851
0.894693434
7.5182669e-09
1.95066033e-10
-1.97657251e-08
3.57745589e-09
9.87968818e-09
-2.23448274e-10
1.05091251e-08
3.78307377e-08
-8.48148929e-09
-2.45078979e-09
1.64627991e-08
9.96756899e-09
-1.63798077e-08
9.55543911e-09
1.13110366e-08
-1.8001403e-08
1.13726148e-08
-0.296799779
0.331536055
-0.539798319
0.0713853315
-0.0376669504
0.0361087173
0.894704282
1.76416588e-08
2.57220218e-08
2.11956053e-09
2.31570585e-08
1.35472717e-08
-1.55991553e-09
1.4963474e-08
4.097787e-09
8.05385425e-10
-1.97657535e-08
-2.97618441e-09
-4.9437614e-09
1.65275509e-08
1.63599694e-08
-9.01012509e-09
1.30932118e-08
-1.0462271e-08
-0.300210446
0.329907656
-0.550469279
0.0690090284
-0.0389618017
0.0417171642
0.894289851
2.66927835e-09
1.44017642e-08
2.14325055e-08
1.38462131e-09
-5.4832423e-09
-1.22160184e-08
4.39198411e-09
-1.50930859e-08
2.25945289e-08
6.8602426e-09
-4.56351357e-09
7.37750527e-10
1.53021293e-08
1.03327435e-08
3.14444693e-09
2.07552464e-08
5.64724578e-09
-0.306994647
0.329927534
-0.545384884
0.0698546171
-0.0381555371
0.0427582599
0.893546999
1.36680294e-08
-9.07552966e-09
2.48370391e-08
8.06510414e-12
1.45796202e-08
-1.43051881e-08
2.73578706e-08
-3.85987819e-09
1.20293695e-08
1.89722709e-08
1.47950754e-08
8.90305163e-09
-5.78128345e-09
9.31882749e-09
8.58578653e-10
8.65194139e-09
1.22844801e-08
-0.293965369
0.301514685
-0.529007912
0.0684891343
-0.0369857587
0.039784722
0.892717123
-1.72644281e-08
-3.48051077e-09
1.05690123e-08
-4.63473215e-09
1.63327645e-08
3.23269589e-08
3.87207244e-09
-3.97123534e-09
1.62596265e-08
1.22148736e-08
7.39642481e-09
-8.75115358e-09
8.49777937e-09
-1.00579074e-08
-2.87771034e-08
1.95033518e-08
1.20201253e-08
-0.29325521
0.293397099
-0.515453041
0.0671378002
-0.0323321931
0.0396432653
0.896304786
1.68603727e-08
2.12593196e-08
1.77478903e-08
-1.33869116e-09
-2.82774626e-09
-8.10639378e-09
6.03434414e-10
7.40613793e-09
4.56839818e-12
-1.14970051e-08
-4.57097649e-09
1.11007576e-08
-2.0112037e-10
-4.92151431e-09
-2.39440667e-09
2.629164e-09
-7.18661519e-10
-0.285797149
0.291221142
-0.492776662
0.0672967434
-0.0305216648
0.0403903201
0.895377636
-6.05273343e-09
5.22530152e-09
1.27709647e-08
2.81255219e-09
-1.94344807e-09
9.69420633e-09
-1.05160469e-09
4.75824669e-09
-1.10183169e-08
1.33034446e-08
2.35827624e-09
-3.81902332e-09
3.57827057e-09
1.71235044e-08
1.74000672e-08
1.02999387e-08
-5.72797643e-10
-0.277714908
0.30130896
-0.470165193
0.0666417852
-0.0294321384
0.0376545563
0.897708356
2.82262995e-08
1.26158142e-08
2.13871032e-09
-1.23275328e-08
-1.4723244e-08
-1.76424688e-08
-9.41490974e-09
1.41860754e-08
-9.58845559e-10
-9.95485561e-09
2.42346876e-09
-1.83179409e-08
1.35204381e-08
1.52717501e-08
-4.06267953e-09
4.96241759e-09
1.50016657e-08
-0.260194123
0.273654908
-0.44566533
0.0637984723
-0.030204257
0.0374820307
0.897261262
-1.90109728e-09
2.50662442e-08
2.48732562e-10
2.31247785e-08
5.7109939e-09
3.16701332e-09
3.356176e-09
1.39355478e-08
1.45775481e-08
3.26480554e-09
1.8459442e-08
-7.36149897e-09
1.5073871e-08
6.1694112e-09
-1.66337077e-08
1.01618394e-08
3.40418627e-09
-0.258617282
0.270239592
-0.439136237
0.0623369142
-0.0277509633
0.0391627438
0.897674322
-1.39623717e-08
-7.00932601e-09
1.639782e-08
3.78227316e-09
-1.45600394e-08
4.62614258e-09
-2.32175967e-08
5.92865623e-09
2.08108712e-08
1.49251189e-09
7.07351466e-09
6.48728016e-10
2.12060964e-08
-6.60289778e-09
-4.54636506e-09
9.4479784e-09
-1.50452486e-08
-0.246826544
0.266659051
-0.415897131
0.0629658401
-0.0215209667
0.0398417339
0.896184802
1.18820562e-08
1.51227264e-09
3.39356738e-08
-2.09305622e-08
9.38982758e-09
5.05873787e-09
2.89876105e-08
1.51408717e-08
2.0921711e-09
1.02732569e-08
-4.21439106e-09
-1.28239535e-08
-1.1844401e-08
-1.32182327e-08
8.52697468e-09
3.53824237e-09
1.82117539e-08
-0.239333838
0.273427814
-0.396602958
0.0644622296
-0.0212131217
0.0396160446
0.895862877
2.01914361e-08
-2.81786487e-08
-2.4669653e-09
5.81440718e-09
9.98516048e-10
-1.02981863e-08
-5.4247975e-09
1.43643257e-08
2.83236168e-09
8.75947936e-09
1.12319931e-08
1.67550223e-08
-4.52590454e-09
4.17839763e-09
-3.26632077e-09
1.19698349e-08
2.07831903e-08
-0.22851111
0.247911617
-0.371119589
0.0680484027
-0.0192119405
0.035420958
0.892789066
1.57649716e-08
2.48761589e-09
1.44482835e-08
-1.68364045e-09
8.45193338e-09
8.69692673e-09
6.71971057e-09
1.11934453e-08
1.06399103e-08
-8.65350991e-09
1.58563314e-08
-6.90400714e-09
1.43398813e-08
1.11728768e-08
1.62568359e-08
1.05204752e-08
7.44697592e-09
-0.229162052
0.251932144
-0.35425508
0.0680592284
-0.0163498688
0.0353622995
0.895860612
3.99495814e-09
1.77131447e-08
-1.2009985e-08
1.14235965e-09
1.22308155e-08
6.08964879e-10
8.17365731e-09
-1.15800501e-10
1.05048761e-08
-1.99556016e-08
1.68333558e-09
-9.14193343e-09
1.38270417e-08
6.32064312e-09
1.99188133e-08
1.60977898e-08
1.65121712e-08
-0.222545892
0.253461123
-0.342453271
0.0673279241
-0.0133672431
0.0377251469
0.896786332
1.59472227e-10
5.09367482e-09
7.72345654e-09
-1.30373552e-08
9.38374356e-09
-2.06776427e-08
1.60295048e-08
-2.04398862e-08
1.36664609e-08
9.27465038e-09
4.52850628e-08
2.73609686e-08
-2.61760302e-08
2.71245462e-08
1.17552243e-08
-1.30009177e-08
8.9216341e-09
-0.217849955
0.249589786
-0.322378337
0.0666572303
-0.0151493168
0.0370290801
0.896361768
2.20312177e-08
3.46403484e-09
6.19120621e-09
2.40409506e-08
-7.09702475e-09
1.11391945e-08
2.72025513e-08
-1.26031301e-08
3.32793526e-08
1.83678193e-08
-2.00172789e-09
-1.71616021e-09
1.24609185e-08
6.80301204e-10
1.73598718e-08
-9.20775511e-10
-1.69196368e-09
-0.208614722
0.212907478
-0.296253175
0.0655015707
-0.016763892
0.0347115882
0.895583212
1.54638502e-09
-1.30784761e-08
3.04261363e-08
2.09289279e-08
9.02745967e-09
7.88558197e-09
1.98333558e-10
2.02837547e-09
-5.23996357e-09
1.47521044e-08
-2.94030778e-09
-6.29718322e-09
5.27521538e-09
-8.12239787e-09
1.57941287e-08
1.6436605e-08
5.74039438e-09
-0.211694255
0.21296151
-0.286030501
0.0652613416
-0.0179669596
0.0348020159
0.893146157
8.46647374e-09
2.12607212e-08
1.24518378e-08
1.09037783e-08
-1.07122684e-08
-5.3108371e-09
1.27747537e-08
-7.44693152e-09
5.73211212e-09
-3.15077187e-09
-1.96958307e-08
-2.9174025e-08
1.15704699e-08
1.81331323e-08
-1.06531739e-09
2.48436702e-08
7.33314565e-09
-0.204773322
0.198604107
-0.281944156
0.0638807341
-0.0189125035
0.0352795571
0.894056201
7.4087807e-09
-1.15828014e-08
1.34145912e-08
-5.42529444e-09
-1.53602304e-08
9.92367255e-09
1.45634624e-08
-1.48818877e-08
-4.97832637e-08
-1.19322374e-08
-1.23308768e-08
-6.85808521e-09
7.34705985e-09
5.76463766e-09
3.19133997e-10
2.1266569e-08
1.59639058e-08
-0.207079545
0.193005741
-0.269834608
0.0641182587
-0.0195013974
0.0339700915
0.89512229
-1.41662122e-08
1.37723477e-08
1.44870027e-08
1.20739045e-08
1.50169566e-08
1.49250425e-08
-1.59194826e-08
1.30169671e-08
-1.67678649e-09
1.14933556e-08
-9.44980982e-09
3.95848199e-09
-2.68397327e-09
1.18027463e-08
-1.62529652e-08
3.38941586e-09
7.77960452e-09
-0.215447813
0.21377489
-0.277655751
0.0639782026
-0.0192619283
0.0374266803
0.895362437
8.84394602e-09
-2.23326317e-08
1.53311426e-08
-1.0304456e-08
3.84992127e-09
-8.93956642e-09
4.05605416e-09
-5.85208904e-09
2.8219258e-08
1.75297143e-09
2.47891077e-08
7.39437622e-10
-5.39296871e-11
5.40041389e-09
8.32822311e-10
-3.57942809e-09
1.3608795e-08
-0.218172342
0.224902764
-0.286925018
0.0562971495
-0.0163018256
0.0453868732
0.894031763
1.51081565e-08
5.46812329e-09
3.2474837e-08
8.1433349e-09
4.30732672e-10
-9.54421764e-10
1.40474823e-08
1.56711071e-08
3.13536619e-09
-1.37334888e-09
3.23978444e-09
-5.17727372e-09
6.01488903e-09
-9.49347267e-09
4.43448922e-09
1.04824611e-08
6.97246128e-09
-0.230548546
0.249690369
-0.282120198
0.0600327626
-0.0179601125
0.044234965
0.896434128
-1.21862147e-08
7.17810789e-09
-2.25531882e-09
2.43947511e-08
9.56784252e-09
-6.54361143e-09
2.08977955e-08
1.06157128e-08
3.26270211e-09
7.84228327e-09
1.17588916e-08
-9.55256496e-09
2.17560583e-08
9.3637198e-10
-1.15394595e-11
3.66748787e-09
2.23709566e-08
-0.225059733
0.247536302
-0.274858981
0.0611065552
-0.0176959671
0.0447632261
0.894806921
4.28890701e-09
6.01660544e-09
1.56116875e-09
7.46829798e-09
1.26324808e-08
-1.25744881e-09
-4.04668787e-09
-5.9683134e-09
1.58426872e-08
2.40916576e-09
1.71380563e-08
1.81099669e-08
2.18786766e-08
-2.21177521e-09
8.05622857e-09
1.19537056e-08
2.8303333e-08
-0.231658727
0.276954532
-0.28432104
0.0608618371
-0.0192384496
0.0481138267
0.895586193
1.32710554e-08
1.24690791e-08
9.34321154e-09
1.87937115e-08
9.11119624e-09
5.37677769e-09
2.30525488e-09
-4.3548245e-09
1.95026786e-08
2.08426982e-08
-5.71200731e-09
-6.30326857e-09
-1.45055017e-08
-5.37155032e-09
-1.22859001e-09
6.94481672e-09
-1.19924577e-08
-0.221988603
0.298060626
-0.284541279
0.0540969931
-0.0175221227
0.0533804446
0.895842731
-8.53067128e-09
2.21576935e-09
-5.90025051e-09
-1.16980026e-08
5.77037218e-09
1.43816168e-08
-2.44368903e-09
3.57545682e-09
6.48941034e-09
1.93775964e-08
-5.45004597e-10
8.2716074e-09
2.1604146e-08
-2.73475176e-09
7.9393141e-09
-1.33017561e-08
8.0657907e-09
-0.223472655
0.33022809
-0.280547649
0.0575953089
-0.0170365423
0.0561199822
0.897095203
2.08224797e-08
2.79650028e-08
1.64614322e-09
1.10862839e-08
3.28273164e-09
2.85704171e-09
1.38671732e-08
8.07895262e-09
1.76659076e-09
-6.93619251e-09
1.57892788e-09
3.08473092e-09
-1.00411537e-08
5.45457324e-09
2.9795626e-09
1.9846393e-08
7.29786365e-09
-0.213206455
0.335097462
-0.269450247
0.0597455278
-0.0158043094
0.0543335639
0.895431042
1.4619312e-08
1.52350876e-09
-3.53393026e-09
4.53004345e-09
-2.83322876e-09
1.07512266e-08
6.92350044e-09
1.35291875e-08
-1.48854342e-08
-2.35823965e-08
1.06787752e-08
2.08891482e-09
-3.58887142e-09
1.9460785e-08
-3.9955026e-09
-3.33886141e-10
-5.69283731e-09
-0.211414024
0.351703972
-0.268333733
0.0614662915
-0.0171153061
0.0577596426
0.896466076
3.2077605e-09
-6.49676801e-09
4.27777325e-09
-2.68608336e-09
-2.27388153e-09
-8.34863023e-09
-1.00607682e-08
1.85874249e-08
-8.30759017e-09
-1.71926562e-08
-1.72861938e-08
-2.11743973e-08
-9.78553061e-09
1.45129764e-09
-4.92741226e-09
-1.04409092e-09
-2.13266489e-08
-0.206750304
0.374694377
-0.270779669
0.0557529591
-0.0127527574
0.062396545
0.895474076
5.55732571e-10
7.16645132e-10
-8.80697204e-09
1.02978372e-08
1.23739274e-09
-1.14166054e-08
3.37571349e-09
-1.03010123e-09
1.11678478e-09
1.50531321e-08
-1.88503986e-08
3.23878568e-09
4.04163103e-09
2.60961852e-09
-1.08677147e-11
-1.5439177e-08
1.02803677e-09
-0.209616333
0.393512845
-0.264860183
0.0582791045
-0.0121617634
0.062957786
0.896764398
-1.23025421e-08
-1.03470087e-10
1.43784966e-08
2.36937847e-08
-2.76513212e-09
-8.32556601e-09
-1.64992286e-08
-1.17527588e-08
1.06192246e-08
7.76988429e-09
-1.4534759e-09
1.00024666e-09
-7.73251152e-09
1.53096149e-08
2.60355071e-09
1.30210038e-08
1.91542835e-08
-0.196516857
0.364672452
-0.242961645
0.0599933676
-0.0134478649
0.0613865033
0.896787167
-1.09955858e-08
-1.32344757e-08
5.49350165e-09
-2.17120366e-08
2.26999948e-08
8.62453398e-09
-1.83092896e-09
9.70551906e-09
6.87870028e-09
3.0222143e-08
3.00939647e-08
-7.8751814e-09
3.07754444e-09
-1.67568732e-08
-8.29550828e-09
-2.21699494e-08
-9.81214043e-09
-0.187562287
0.368309051
-0.224902004
0.0614290945
-0.0104866428
0.0597392246
0.893750012
1.78340329e-08
2.32389841e-08
1.16535004e-09
3.97721767e-09
9.6776942e-09
-8.48780879e-10
1.8781364e-10
-1.31631428e-09
-1.96915795e-09
1.04886109e-08
-1.72161307e-08
1.82527966e-08
-4.42099291e-09
-6.19082785e-09
1.09323146e-08
2.16198237e-09
8.94053365e-09
-0.157504305
0.37360236
-0.211651176
0.0577711016
-0.00816956908
0.0644148737
0.891206264
1.35288474e-08
-1.42688465e-08
1.94844887e-08
2.17653575e-08
9.55702961e-10
-5.34556488e-09
2.7063022e-08
-1.68825078e-08
-4.50303839e-09
2.34281536e-08
-2.16436096e-08
-1.10254987e-08
-1.12414362e-08
1.55377204e-08
9.82267601e-09
8.78730244e-09
1.48231543e-08
