vla: arch = evo1
vla(evo1): lm=896d×14L (14q/2kv×64) inter=4864  embed=896 dit=8L×8h  horizon=50 per_a=24 N_steps=32  resident matmul=BF16
vla(evo1): backend = SYCL (device 0: Intel(R) Arc(TM) Pro B70 Graphics)
vla(evo1): activations = BF16 (VLA_EVO1_BF16_ACT)
vla(evo1): weights resident in 1.20 GiB (bf16) - incl. InternViT vision tower
action_len=1200
-0.244363546
0.319392413
-0.454705328
0.0759819373
-0.0535421297
0.0476098247
0.891673148
-1.53742761e-08
-2.07465209e-08
5.94475313e-09
-5.95634697e-09
8.88624996e-09
-2.07511324e-08
6.88253365e-09
8.18973867e-09
5.63296831e-09
-1.21107222e-08
3.41283588e-08
1.39074805e-08
-8.90861251e-09
1.95692387e-08
2.97023632e-08
-5.12789011e-09
-5.44886714e-09
-0.235505044
0.293346405
-0.460405856
0.0763935596
-0.0463079996
0.0446272939
0.893195212
2.66537299e-08
1.58465741e-09
7.42565653e-09
-1.56788271e-08
5.9382349e-10
-1.01440234e-08
5.17525889e-09
3.86581789e-09
1.69936314e-08
-1.07514619e-09
2.33048052e-08
1.10499299e-08
3.42426532e-09
4.12475032e-09
1.38031249e-08
1.04882958e-09
1.69905174e-08
-0.24550426
0.297373354
-0.478408813
0.0779293105
-0.0459317528
0.0437521003
0.89038378
1.53980473e-08
1.15821974e-08
3.45374662e-09
1.94741805e-08
-1.48653507e-08
2.36491218e-08
-1.19745893e-08
-5.8856533e-09
-1.21136132e-08
1.55756634e-08
-2.41691396e-08
2.027795e-08
4.50744908e-09
3.13208992e-09
2.80684076e-09
-1.52963875e-09
-1.25744917e-08
-0.252849817
0.312930256
-0.48421663
0.0747887567
-0.0448602773
0.0455662832
0.890395284
-9.09516795e-10
6.84644652e-09
6.74763312e-09
1.03388569e-08
-4.51092763e-09
8.2984366e-09
1.73249537e-09
7.38930162e-09
-7.82242182e-09
1.43822367e-08
1.06841851e-08
8.798267e-09
3.52983753e-09
1.89223055e-08
7.87600207e-09
3.07852339e-08
1.38626959e-08
-0.251002669
0.314965218
-0.486548305
0.0717208236
-0.0445348248
0.0429874174
0.89138335
1.80380932e-10
1.89743954e-08
1.56456057e-08
1.87309079e-09
6.63062094e-09
-2.40160567e-08
1.08899445e-09
2.28224604e-08
9.71767111e-09
6.87587876e-10
1.14203837e-08
7.74140485e-09
4.31833591e-09
1.60137894e-08
-8.18047852e-09
1.68037211e-08
5.76958659e-09
-0.248946235
0.298639536
-0.48183465
0.0701950714
-0.0419233926
0.0405487083
0.891562641
2.15504308e-08
2.7248146e-09
5.91519056e-09
1.3231543e-08
9.93327198e-09
2.03239647e-08
2.491754e-08
2.09564259e-08
1.09998295e-08
-9.08250009e-09
-1.99686045e-09
1.01852144e-08
-7.21828108e-09
1.17820314e-08
2.51597854e-08
-1.20297675e-10
8.64213057e-09
-0.244702905
0.302838176
-0.477533281
0.0709316358
-0.0381625555
0.0368977599
0.891345203
7.84561571e-09
8.60353033e-09
8.66036132e-09
5.40401324e-09
-1.52884763e-08
1.77816606e-08
-1.47486323e-09
-1.01527737e-08
3.12383175e-10
-5.76298831e-09
1.74341004e-08
1.50801871e-09
8.01346189e-09
-3.12599591e-09
2.65212901e-08
1.36954297e-08
1.25614648e-08
-0.236484557
0.299512297
-0.463824451
0.071397692
-0.032523457
0.0352372937
0.890197039
2.09140616e-08
5.70066083e-09
-8.2947853e-09
2.23730083e-08
2.01794723e-08
-6.05458972e-09
-6.35820008e-10
1.10179963e-08
-7.74505882e-09
2.4624911e-09
2.48283207e-08
-5.52927748e-09
2.49383216e-08
2.42633398e-08
1.88837692e-08
3.83451404e-09
6.43834186e-09
-0.226721317
0.30224818
-0.436794877
0.0733321607
-0.0297797136
0.032063596
0.89213115
9.0767136e-09
2.41152343e-08
1.6382149e-08
2.45621496e-08
-3.83622067e-09
-1.61310751e-08
1.38702143e-08
1.2832075e-08
1.11433005e-08
1.5153379e-08
4.10262473e-08
-7.99833977e-09
4.90101293e-09
2.46409577e-08
1.14061613e-08
1.14980887e-08
8.41679704e-09
-0.216489494
0.271030903
-0.416059524
0.0744115338
-0.0298483558
0.0264207218
0.891043961
1.78582624e-08
5.10688991e-10
-1.23173836e-08
1.55830376e-10
7.99731392e-09
5.22071136e-11
2.76682428e-08
1.56041011e-08
1.13115677e-08
1.92028704e-08
7.52020046e-09
6.75305678e-09
5.41353717e-09
7.22499527e-09
9.98568339e-09
7.36429184e-09
1.22160451e-08
-0.223759979
0.268420279
-0.422511131
0.0748287141
-0.0292704068
0.0282986443
0.892032027
2.06064836e-08
-1.63502332e-08
-1.23181829e-08
1.84570315e-08
8.45863213e-10
9.57296731e-09
9.77620651e-09
1.56667781e-08
-3.42617157e-09
-2.55937577e-10
2.65371197e-10
-2.00531627e-08
1.38201948e-08
4.52247306e-09
2.80610557e-08
-9.6866799e-09
1.03378026e-08
-0.225297734
0.277818799
-0.428662241
0.0722689703
-0.0285007469
0.032223694
0.892348647
1.93825382e-08
1.33047271e-08
1.65201275e-08
1.07958911e-11
9.39440881e-09
2.56365436e-08
4.66844119e-09
-1.28984761e-08
-1.72550969e-08
-6.74599665e-09
2.05550972e-08
-7.65634778e-10
1.17869243e-08
2.49559378e-08
-1.97148431e-09
9.35078237e-10
-1.12295861e-09
-0.239302412
0.288318813
-0.442259163
0.0712385401
-0.0298840515
0.0329608507
0.893428266
7.4235782e-09
-3.30717564e-10
-7.39791028e-09
2.30233006e-08
1.40914844e-08
5.57585134e-09
-1.29689264e-08
-3.12022452e-09
6.05137718e-09
5.61345193e-09
1.13050289e-08
9.4477981e-09
8.63396288e-09
-1.11337304e-08
1.0423955e-08
3.69001474e-09
2.21391794e-08
-0.24420543
0.271002531
-0.454540044
0.0706155971
-0.0303289182
0.0293721948
0.894187391
9.47798373e-09
2.15892584e-08
2.26159376e-08
1.11316307e-08
3.17542579e-08
-1.5842968e-09
-1.36899407e-08
3.07670844e-09
1.92862704e-08
2.11112887e-08
-5.8588574e-09
-7.16127868e-09
1.01440873e-08
8.44157988e-09
1.03377049e-08
1.77572073e-08
1.33004887e-08
-0.25424397
0.287617981
-0.474320441
0.0703041404
-0.0326853059
0.0320038944
0.894427776
1.86785343e-09
7.0256978e-09
-1.76900379e-08
9.37545863e-09
-8.78121131e-09
-6.63466448e-10
5.80923709e-09
-1.22636719e-08
5.82477533e-09
-3.75107528e-10
7.19545667e-09
3.25746052e-09
-6.18422868e-09
-7.6929485e-09
-9.15894471e-09
-2.73553735e-09
-2.27501182e-08
-0.265523493
0.309123993
-0.505022764
0.0708328485
-0.0317558087
0.0347871147
0.894927502
-4.78326179e-09
-1.02629301e-08
-4.46208004e-09
1.49117678e-08
1.8835177e-08
1.2293496e-08
6.48170184e-09
3.27135545e-08
1.16888428e-08
1.9376289e-08
7.04766601e-09
2.9695657e-09
1.38198537e-08
-6.404687e-09
2.11344742e-09
2.69033323e-10
1.70122654e-08
-0.282907754
0.341391057
-0.51655972
0.0709083974
-0.0343171172
0.0344677716
0.895854533
7.5255171e-09
2.24550961e-10
-1.98254302e-08
3.55247698e-09
9.89821825e-09
-2.26836203e-10
1.04787983e-08
3.7886096e-08
-8.49445314e-09
-2.41772469e-09
1.64373244e-08
9.96980276e-09
-1.63799214e-08
9.57778834e-09
1.12947758e-08
-1.79971487e-08
1.13797505e-08
-0.295435369
0.325962991
-0.541790366
0.071135588
-0.0376101322
0.0367478877
0.894736826
1.76284676e-08
2.57803912e-08
2.13620255e-09
2.31364847e-08
1.35149705e-08
-1.55820312e-09
1.49726276e-08
4.08852507e-09
7.8025908e-10
-1.98196481e-08
-2.98608427e-09
-4.95134778e-09
1.65514056e-08
1.63744716e-08
-9.02951225e-09
1.30616211e-08
-1.04795692e-08
-0.301965594
0.325183421
-0.548731804
0.0690770224
-0.0392208435
0.042320691
0.895999551
2.64668221e-09
1.44282719e-08
2.14034372e-08
1.40716794e-09
-5.48485257e-09
-1.22328316e-08
4.42345627e-09
-1.51062292e-08
2.26294343e-08
6.83541579e-09
-4.54328131e-09
7.52502671e-10
1.5295722e-08
1.03391269e-08
3.14801341e-09
2.07634567e-08
5.66876857e-09
-0.307544559
0.324099869
-0.54533428
0.0696250647
-0.0380707122
0.0438020676
0.894912362
1.3686436e-08
-9.07716746e-09
2.48621088e-08
9.88304577e-12
1.46193262e-08
-1.43503316e-08
2.74209757e-08
-3.84604437e-09
1.20292674e-08
1.90239646e-08
1.47820902e-08
8.89409701e-09
-5.79272497e-09
9.34284206e-09
8.72451333e-10
8.64687255e-09
1.22483206e-08
-0.294088751
0.297760636
-0.528032184
0.068953529
-0.0366230123
0.0398267843
0.892039955
-1.73507395e-08
-3.45296858e-09
1.06059375e-08
-4.68574157e-09
1.631164e-08
3.23139062e-08
3.89358101e-09
-4.00187483e-09
1.62850586e-08
1.22543655e-08
7.38550643e-09
-8.72816308e-09
8.53741522e-09
-1.0097656e-08
-2.87145294e-08
1.95289456e-08
1.20216894e-08
-0.293089122
0.28874132
-0.512983203
0.0666156933
-0.0326819308
0.0402318425
0.893592536
1.68476753e-08
2.13142961e-08
1.77511339e-08
-1.33235578e-09
-2.82734391e-09
-8.12390599e-09
6.16396656e-10
7.43958495e-09
-1.02972986e-11
-1.15293943e-08
-4.58352512e-09
1.10720606e-08
-2.09151502e-10
-4.91046848e-09
-2.4091793e-09
2.62735722e-09
-7.22031601e-10
-0.284827858
0.28714636
-0.490595579
0.0670021325
-0.0302256979
0.041332975
0.894794226
-6.04497075e-09
5.22523935e-09
1.27710846e-08
2.82726664e-09
-1.94130356e-09
9.69877956e-09
-1.05066422e-09
4.76548268e-09
-1.10065814e-08
1.3287309e-08
2.35293007e-09
-3.84939414e-09
3.59396846e-09
1.7127304e-08
1.73934858e-08
1.02878417e-08
-5.64751024e-10
-0.276259065
0.295860052
-0.467085063
0.0664318874
-0.0290398039
0.0381472409
0.897033453
2.82352346e-08
1.25883304e-08
2.14284213e-09
-1.23370691e-08
-1.47430077e-08
-1.7668965e-08
-9.38886657e-09
1.41756544e-08
-9.77475656e-10
-9.94896432e-09
2.42424103e-09
-1.83033197e-08
1.35216993e-08
1.52466217e-08
-4.04408196e-09
4.966759e-09
1.5020996e-08
-0.257701665
0.266833186
-0.441886544
0.0645249709
-0.029900223
0.037424989
0.898143589
-1.90838811e-09
2.50716585e-08
2.3194581e-10
2.31235546e-08
5.69986458e-09
3.13982773e-09
3.3084675e-09
1.39197267e-08
1.4585078e-08
3.29890693e-09
1.84719333e-08
-7.36173877e-09
1.50760737e-08
6.14441076e-09
-1.66376566e-08
1.01708837e-08
3.42443141e-09
-0.256238908
0.263078183
-0.435953468
0.062920168
-0.0275620185
0.0394218713
0.896507084
-1.40246676e-08
-7.03851555e-09
1.64027139e-08
3.76860143e-09
-1.46176555e-08
4.61569627e-09
-2.32820696e-08
5.9292713e-09
2.08123048e-08
1.45629409e-09
7.08716064e-09
6.60226929e-10
2.11616999e-08
-6.62021415e-09
-4.54250948e-09
9.43460954e-09
-1.51026747e-08
-0.244515821
0.259791613
-0.409800112
0.0628569499
-0.0214422662
0.0398934931
0.898044467
1.19071482e-08
1.50316415e-09
3.39849215e-08
-2.09893756e-08
9.39033207e-09
5.02173281e-09
2.90682021e-08
1.51498156e-08
2.10834861e-09
1.02524904e-08
-4.24084901e-09
-1.28833593e-08
-1.18933006e-08
-1.32176945e-08
8.50173354e-09
3.53613405e-09
1.82046289e-08
-0.235825405
0.266579509
-0.390666932
0.064866364
-0.0204037149
0.0394336022
0.895919681
2.01949213e-08
-2.8158281e-08
-2.47583976e-09
5.77866155e-09
9.75834968e-10
-1.03064455e-08
-5.39304734e-09
1.44068268e-08
2.85736479e-09
8.75815953e-09
1.12173346e-08
1.67300982e-08
-4.51617188e-09
4.2272279e-09
-3.32401862e-09
1.19946542e-08
2.08405471e-08
-0.225897595
0.240655065
-0.362893492
0.0675713345
-0.0183101278
0.0349212363
0.893489778
1.5756866e-08
2.48749976e-09
1.44716008e-08
-1.66480485e-09
8.45016235e-09
8.70886741e-09
6.72712419e-09
1.11797069e-08
1.06414451e-08
-8.71517525e-09
1.58588662e-08
-6.90351465e-09
1.43660843e-08
1.12057519e-08
1.6249766e-08
1.05381641e-08
7.47398143e-09
-0.226226553
0.245740622
-0.347131014
0.0685690418
-0.0157544855
0.0346450955
0.893257082
3.99764177e-09
1.77092581e-08
-1.19818351e-08
1.14658949e-09
1.2243154e-08
6.34336195e-10
8.14107981e-09
-1.30908492e-10
1.05161329e-08
-1.99708605e-08
1.67563263e-09
-9.12843667e-09
1.38586911e-08
6.30657482e-09
1.99110737e-08
1.60793547e-08
1.65054495e-08
-0.219996616
0.246455953
-0.336185724
0.0669929087
-0.0125787286
0.0374775305
0.897480011
1.81533094e-10
5.08241937e-09
7.77307019e-09
-1.29823245e-08
9.38407752e-09
-2.06726174e-08
1.60523044e-08
-2.0538204e-08
1.36757325e-08
9.27943855e-09
4.53103937e-08
2.73771086e-08
-2.62202349e-08
2.71355454e-08
1.17785595e-08
-1.30205651e-08
8.93934082e-09
-0.214399695
0.241084442
-0.315793723
0.0658629388
-0.0154483235
0.0368586704
0.896865904
2.20764846e-08
3.49283535e-09
6.16567153e-09
2.40847466e-08
-7.13710913e-09
1.11637402e-08
2.72404694e-08
-1.26117579e-08
3.33367964e-08
1.83283202e-08
-2.02561501e-09
-1.74600601e-09
1.2476475e-08
6.21074414e-10
1.73386709e-08
-9.180951e-10
-1.72857406e-09
-0.206932366
0.207324371
-0.290766865
0.0659905896
-0.0162551086
0.0341225825
0.895488799
1.53002944e-09
-1.31036915e-08
3.04205479e-08
2.09467395e-08
9.00070063e-09
7.88230015e-09
1.80036722e-10
1.9952715e-09
-5.18207077e-09
1.48033497e-08
-2.97124036e-09
-6.29758823e-09
5.26147126e-09
-8.11263678e-09
1.57558393e-08
1.64358394e-08
5.72790038e-09
-0.210505009
0.210829213
-0.282924056
0.0652669668
-0.017429525
0.0346111953
0.892967284
8.47563975e-09
2.12729496e-08
1.24168169e-08
1.0905044e-08
-1.07397851e-08
-5.34787059e-09
1.28333495e-08
-7.4290325e-09
5.7408962e-09
-3.20404281e-09
-1.96944523e-08
-2.91609386e-08
1.154958e-08
1.811215e-08
-1.06624964e-09
2.48847467e-08
7.35673833e-09
-0.205834284
0.198112041
-0.281196654
0.0642669499
-0.0177170467
0.0348689668
0.894230008
7.39329575e-09
-1.16038272e-08
1.34255371e-08
-5.4415823e-09
-1.53548427e-08
9.9479589e-09
1.45378705e-08
-1.48724606e-08
-4.97051573e-08
-1.19377539e-08
-1.23612693e-08
-6.84972656e-09
7.36695549e-09
5.71770142e-09
3.00136804e-10
2.12999609e-08
1.59521285e-08
-0.204571858
0.192425758
-0.270446301
0.0646539778
-0.0190760102
0.0340235159
0.893860042
-1.41352148e-08
1.37640237e-08
1.45587693e-08
1.20551755e-08
1.50313184e-08
1.49654689e-08
-1.59536526e-08
1.30429978e-08
-1.68837899e-09
1.14965042e-08
-9.48853529e-09
3.91668475e-09
-2.69762634e-09
1.18513919e-08
-1.62509579e-08
3.42196316e-09
7.77872078e-09
-0.213866547
0.211301446
-0.277434319
0.0635550544
-0.0180374254
0.0378359668
0.893642604
8.82052742e-09
-2.22939054e-08
1.53636339e-08
-1.03211129e-08
3.83178733e-09
-8.90251872e-09
4.04921874e-09
-5.88602544e-09
2.83010557e-08
1.757544e-09
2.47904488e-08
7.45183804e-10
-8.49020507e-11
5.40417222e-09
8.47241277e-10
-3.55515595e-09
1.36092186e-08
-0.217042223
0.223761275
-0.286786199
0.0563863404
-0.0156484488
0.0455077551
0.894081295
1.51161128e-08
5.49891066e-09
3.24746487e-08
8.1705176e-09
4.44450671e-10
-9.60204583e-10
1.4072822e-08
1.57086326e-08
3.11194159e-09
-1.42746093e-09
3.22897975e-09
-5.19197219e-09
6.02391603e-09
-9.49847667e-09
4.39182024e-09
1.04735838e-08
6.98427272e-09
-0.229748681
0.247096553
-0.28056699
0.0603981316
-0.0179000627
0.0441551208
0.897571802
-1.22528521e-08
7.16188975e-09
-2.25271468e-09
2.44087293e-08
9.56321777e-09
-6.50910126e-09
2.09165041e-08
1.06477129e-08
3.25306648e-09
7.87074939e-09
1.17804255e-08
-9.59462909e-09
2.17762892e-08
9.06301145e-10
-2.71630288e-11
3.6725516e-09
2.23649419e-08
-0.224455744
0.246785447
-0.271619081
0.0612664372
-0.0168643501
0.0443392508
0.893310845
4.3009134e-09
6.03987305e-09
1.51983026e-09
7.45247775e-09
1.26660549e-08
-1.23646493e-09
-4.02936529e-09
-5.98730443e-09
1.58401559e-08
2.4068445e-09
1.71513275e-08
1.8121856e-08
2.18560547e-08
-2.23079089e-09
8.08727041e-09
1.19526948e-08
2.82821073e-08
-0.230310053
0.273300022
-0.282072484
0.061175704
-0.0185516048
0.0474634245
0.895855248
1.32765532e-08
1.24782815e-08
9.33534405e-09
1.87601561e-08
9.1313952e-09
5.36725331e-09
2.31047115e-09
-4.33527347e-09
1.95454088e-08
2.09090043e-08
-5.70469716e-09
-6.31376018e-09
-1.44997259e-08
-5.36391598e-09
-1.2281054e-09
6.9509789e-09
-1.20018946e-08
-0.221133202
0.292919576
-0.282723337
0.0548126213
-0.0164980832
0.0527430624
0.89324218
-8.55408189e-09
2.23272978e-09
-5.89281202e-09
-1.16703323e-08
5.78273918e-09
1.44150105e-08
-2.48799803e-09
3.54988727e-09
6.53725474e-09
1.9370118e-08
-5.40702927e-10
8.31434566e-09
2.16200782e-08
-2.74508771e-09
7.92551891e-09
-1.3336992e-08
8.07634493e-09
-0.223852962
0.325200915
-0.278134912
0.0581358783
-0.0156183084
0.0555202886
0.89569509
2.08005861e-08
2.80723835e-08
1.6362941e-09
1.10766694e-08
3.30112648e-09
2.85107959e-09
1.38320022e-08
8.09507128e-09
1.77098158e-09
-7.00641634e-09
1.56639279e-09
3.04437986e-09
-1.00042579e-08
5.48607559e-09
2.98385494e-09
1.986289e-08
7.29612548e-09
-0.212767318
0.330184489
-0.267069846
0.059821818
-0.0149530871
0.0535503477
0.895569265
1.46059378e-08
1.51518587e-09
-3.53479512e-09
4.54022508e-09
-2.83275359e-09
1.07177289e-08
6.92446278e-09
1.35749216e-08
-1.4939415e-08
-2.359047e-08
1.06881641e-08
2.09074402e-09
-3.59880792e-09
1.94933012e-08
-3.97464861e-09
-3.05451747e-10
-5.7103513e-09
-0.209939286
0.34800157
-0.268323272
0.0616254322
-0.015974449
0.0568218157
0.896145284
3.21582405e-09
-6.47267573e-09
4.29132418e-09
-2.65906208e-09
-2.28057617e-09
-8.36204972e-09
-1.00624211e-08
1.85765625e-08
-8.3398719e-09
-1.71874621e-08
-1.72789445e-08
-2.12717968e-08
-9.77880799e-09
1.43708023e-09
-4.94590813e-09
-1.04813458e-09
-2.14167191e-08
-0.205940947
0.371969879
-0.269744784
0.0566300489
-0.0125097288
0.0619732998
0.897377431
5.81814041e-10
6.95713154e-10
-8.81593731e-09
1.02521236e-08
1.24157251e-09
-1.13633396e-08
3.34467565e-09
-1.04948217e-09
1.15700693e-09
1.50663766e-08
-1.88691018e-08
3.21077787e-09
4.00179534e-09
2.57901012e-09
-3.45993026e-11
-1.5471544e-08
1.02907483e-09
-0.208980784
0.389121771
-0.265689224
0.0577764623
-0.0108996658
0.0622516051
0.896961689
-1.23178516e-08
-8.81689791e-11
1.43790624e-08
2.36845512e-08
-2.8034175e-09
-8.36121039e-09
-1.65361929e-08
-1.17741594e-08
1.0569658e-08
7.77614773e-09
-1.4877003e-09
1.00321318e-09
-7.74183473e-09
1.53087694e-08
2.61988631e-09
1.3004219e-08
1.9106583e-08
-0.196492344
0.358480245
-0.241577849
0.0598573126
-0.011913876
0.0599176995
0.895950854
-1.1014941e-08
-1.32426559e-08
5.49711254e-09
-2.17752341e-08
2.27109176e-08
8.59050342e-09
-1.82263671e-09
9.69232428e-09
6.8584538e-09
3.02637488e-08
3.00599616e-08
-7.88674814e-09
3.07584491e-09
-1.67501355e-08
-8.30890645e-09
-2.21308589e-08
-9.81267601e-09
-0.187558711
0.362621635
-0.22426866
0.0608479753
-0.00971158128
0.0588980615
0.894543231
1.78660944e-08
2.32580071e-08
1.14900645e-09
3.95655819e-09
9.69253922e-09
-8.20087775e-10
1.57153304e-10
-1.31311539e-09
-1.98016115e-09
1.04661968e-08
-1.71649592e-08
1.82611313e-08
-4.44631798e-09
-6.22603524e-09
1.09639755e-08
2.15178719e-09
8.89746055e-09
-0.155751228
0.367442518
-0.210803881
0.0573280342
-0.00621681893
0.0637273565
0.889839768
1.35391209e-08
-1.43160355e-08
1.94718748e-08
2.17534382e-08
9.6096453e-10
-5.33138644e-09
2.70673635e-08
-1.68449201e-08
-4.5407762e-09
2.34506246e-08
-2.17189839e-08
-1.10121281e-08
-1.11988285e-08
1.55273145e-08
9.84439996e-09
8.75102302e-09
1.48268358e-08
