vla: arch = evo1
vla(evo1): lm=896d×14L (14q/2kv×64) inter=4864  embed=896 dit=8L×8h  horizon=50 per_a=24 N_steps=32  resident matmul=BF16
vla(evo1): backend = CPU (16 threads)
vla(evo1): weights resident in 1.20 GiB (bf16) - incl. InternViT vision tower
action_len=1200
-0.244655684
0.318566501
-0.462609082
0.0764559731
-0.0540043749
0.0468875393
0.890729785
-1.53376547e-08
-2.07329443e-08
5.94517724e-09
-5.95154415e-09
8.90928309e-09
-2.06639434e-08
6.85395918e-09
8.20095636e-09
5.62773028e-09
-1.21285906e-08
3.40310109e-08
1.38780498e-08
-8.95909924e-09
1.95610443e-08
2.9672945e-08
-5.1288831e-09
-5.44571854e-09
-0.233309314
0.294344902
-0.46526593
0.0778704956
-0.0464054421
0.0443224348
0.889833927
2.66460063e-08
1.60077929e-09
7.45394502e-09
-1.56506808e-08
6.30603736e-10
-1.00910995e-08
5.18601295e-09
3.89207688e-09
1.69924199e-08
-1.09900178e-09
2.32978596e-08
1.10312799e-08
3.41966655e-09
4.14952339e-09
1.37938958e-08
1.04263154e-09
1.70235772e-08
-0.244349688
0.298623085
-0.484791398
0.078359805
-0.0470137559
0.0439155847
0.891355276
1.54056004e-08
1.15702443e-08
3.48179463e-09
1.94863183e-08
-1.48299852e-08
2.36167317e-08
-1.19615269e-08
-5.84373927e-09
-1.20447226e-08
1.55035611e-08
-2.41386324e-08
2.02467163e-08
4.46393011e-09
3.11423487e-09
2.80127788e-09
-1.52149859e-09
-1.25386777e-08
-0.253274143
0.313387752
-0.49280113
0.0753518865
-0.0457486399
0.0456309132
0.891280353
-9.25329924e-10
6.85242219e-09
6.75327261e-09
1.03175344e-08
-4.5118238e-09
8.26650748e-09
1.74957127e-09
7.35756034e-09
-7.85497178e-09
1.44056269e-08
1.06876206e-08
8.80958506e-09
3.51575125e-09
1.89100877e-08
7.90170152e-09
3.07335704e-08
1.38860496e-08
-0.252741605
0.317833722
-0.495219052
0.0714457035
-0.0448637679
0.0428537279
0.892688096
1.61453781e-10
1.89575555e-08
1.56260125e-08
1.88076976e-09
6.6247372e-09
-2.40458125e-08
1.08919496e-09
2.2809493e-08
9.72848113e-09
7.05859982e-10
1.14175602e-08
7.77401077e-09
4.32476188e-09
1.60054725e-08
-8.1786391e-09
1.68055543e-08
5.7691083e-09
-0.249019712
0.301386237
-0.489306778
0.0705632269
-0.0422540866
0.0403038934
0.892054737
2.15284093e-08
2.67196798e-09
5.88418914e-09
1.32379006e-08
9.95896698e-09
2.03164188e-08
2.48659084e-08
2.0937664e-08
1.09945706e-08
-9.05667807e-09
-1.99323424e-09
1.0198173e-08
-7.2269799e-09
1.17631869e-08
2.50882284e-08
-1.47216322e-10
8.67706973e-09
-0.246500626
0.304462433
-0.485391766
0.0713737756
-0.0387874916
0.0370517708
0.892754674
7.82096254e-09
8.5896259e-09
8.65669669e-09
5.39382006e-09
-1.52306754e-08
1.78088779e-08
-1.48297075e-09
-1.01371249e-08
3.5287559e-10
-5.7412648e-09
1.74272667e-08
1.53925184e-09
8.03951039e-09
-3.15597881e-09
2.65445923e-08
1.37299283e-08
1.25610029e-08
-0.23846525
0.30482319
-0.469493598
0.0722140968
-0.0328078307
0.035368111
0.891800463
2.09482973e-08
5.71411896e-09
-8.30113311e-09
2.23702887e-08
2.01631867e-08
-6.04590067e-09
-6.6571948e-10
1.10067839e-08
-7.75002729e-09
2.47728438e-09
2.48312055e-08
-5.53618174e-09
2.49094239e-08
2.41803235e-08
1.88689118e-08
3.85673804e-09
6.44665166e-09
-0.226330891
0.307936698
-0.443193346
0.072972171
-0.0298479535
0.0321268626
0.889799416
9.07265196e-09
2.4102345e-08
1.6362927e-08
2.45369893e-08
-3.8410719e-09
-1.61065383e-08
1.3881003e-08
1.27820856e-08
1.11460832e-08
1.51008468e-08
4.10143706e-08
-8.04193245e-09
4.91769514e-09
2.4583418e-08
1.13888508e-08
1.15034702e-08
8.37569747e-09
-0.215492651
0.273225844
-0.418499976
0.0745095387
-0.0298741776
0.0264577419
0.892256916
1.78646591e-08
5.16161613e-10
-1.23460415e-08
1.90091734e-10
8.00719047e-09
7.83765344e-11
2.75914349e-08
1.55275135e-08
1.13040999e-08
1.91552925e-08
7.50378781e-09
6.74252121e-09
5.37656275e-09
7.21245152e-09
1.00101607e-08
7.34880778e-09
1.21966321e-08
-0.222070947
0.271095425
-0.423090011
0.0741660073
-0.0292008035
0.0281273797
0.890825033
2.06121733e-08
-1.62646678e-08
-1.23021611e-08
1.84386746e-08
8.78163597e-10
9.53355173e-09
9.77220616e-09
1.56263464e-08
-3.47652618e-09
-2.67311923e-10
2.56662663e-10
-2.00103933e-08
1.38109169e-08
4.5338977e-09
2.81363146e-08
-9.67610791e-09
1.03467936e-08
-0.22441414
0.278953612
-0.427171052
0.0720859542
-0.0280477945
0.0320001356
0.890715241
1.94067216e-08
1.32769777e-08
1.65233232e-08
-4.97281556e-12
9.36351441e-09
2.56367372e-08
4.66849714e-09
-1.29079281e-08
-1.72048988e-08
-6.75224765e-09
2.05313402e-08
-7.90897625e-10
1.17859642e-08
2.4884331e-08
-1.97072136e-09
9.65412306e-10
-1.087755e-09
-0.23831977
0.288933963
-0.43760252
0.0709941611
-0.0292212274
0.0322389677
0.891370416
7.41475947e-09
-3.25545674e-10
-7.39992512e-09
2.29961366e-08
1.40956118e-08
5.585989e-09
-1.29357822e-08
-3.09582227e-09
6.05736172e-09
5.58438895e-09
1.13030483e-08
9.44370626e-09
8.63829452e-09
-1.11757901e-08
1.0411414e-08
3.70494058e-09
2.21350156e-08
-0.243498787
0.271876127
-0.451728076
0.070484139
-0.0297567919
0.0290413257
0.894163191
9.49233137e-09
2.16302887e-08
2.2546395e-08
1.11520944e-08
3.17286712e-08
-1.6100079e-09
-1.36770666e-08
3.07728021e-09
1.9315614e-08
2.10310187e-08
-5.85811977e-09
-7.17686532e-09
1.01712603e-08
8.46631565e-09
1.03480327e-08
1.77933543e-08
1.32745006e-08
-0.253530324
0.289372683
-0.471437633
0.0707196221
-0.0323509462
0.0315869935
0.895038843
1.8612617e-09
7.04547576e-09
-1.76137043e-08
9.3431245e-09
-8.78040751e-09
-6.59676813e-10
5.7976588e-09
-1.23314061e-08
5.81350701e-09
-4.11010392e-10
7.19046689e-09
3.24791216e-09
-6.18411411e-09
-7.66781572e-09
-9.15899268e-09
-2.68957434e-09
-2.27700596e-08
-0.264869839
0.311681956
-0.502786934
0.0705711246
-0.0318938754
0.0342898741
0.896163642
-4.76495199e-09
-1.02571107e-08
-4.43682913e-09
1.48775756e-08
1.87975164e-08
1.22991155e-08
6.49846488e-09
3.26834702e-08
1.16881127e-08
1.93289935e-08
7.05204517e-09
2.94539948e-09
1.37952743e-08
-6.35676756e-09
2.11604001e-09
3.15452803e-10
1.70567702e-08
-0.280110389
0.344706923
-0.515411735
0.0711840093
-0.034687385
0.0341396257
0.894725144
7.51568763e-09
2.00164621e-10
-1.97617336e-08
3.57589758e-09
9.8816777e-09
-2.2687674e-10
1.05092326e-08
3.78343259e-08
-8.48170068e-09
-2.45660181e-09
1.64590137e-08
9.97367611e-09
-1.6380767e-08
9.5593311e-09
1.13006244e-08
-1.80062916e-08
1.13717169e-08
-0.296302915
0.33169654
-0.539035499
0.0715542734
-0.0381199904
0.0364175886
0.895129263
1.76420034e-08
2.57154742e-08
2.12854956e-09
2.31641764e-08
1.35437235e-08
-1.55759095e-09
1.49709205e-08
4.09847312e-09
8.00554456e-10
-1.97702406e-08
-2.98261171e-09
-4.9435176e-09
1.65228933e-08
1.63648863e-08
-9.00450736e-09
1.30945761e-08
-1.04543947e-08
-0.300310701
0.329283059
-0.549140096
0.0689223632
-0.0389177762
0.0416633748
0.89465189
2.67039568e-09
1.44049128e-08
2.14338964e-08
1.38430656e-09
-5.48382406e-09
-1.22195871e-08
4.39278658e-09
-1.50887196e-08
2.25863328e-08
6.85753365e-09
-4.56756011e-09
7.35728145e-10
1.53050426e-08
1.03330287e-08
3.13808757e-09
2.07536583e-08
5.64090064e-09
-0.305710524
0.329844147
-0.546428978
0.0701425821
-0.0382597223
0.0429621935
0.893333256
1.36650149e-08
-9.08196895e-09
2.4835705e-08
-2.98023227e-15
1.45790473e-08
-1.43067291e-08
2.7366454e-08
-3.86700982e-09
1.20333254e-08
1.89729708e-08
1.47922723e-08
8.90244678e-09
-5.7769296e-09
9.32302768e-09
8.6099089e-10
8.6421732e-09
1.22950539e-08
-0.293315232
0.300894588
-0.529162884
0.0684881061
-0.036797516
0.0398906544
0.892260551
-1.72586176e-08
-3.47575191e-09
1.05492903e-08
-4.6331996e-09
1.63155196e-08
3.23209193e-08
3.87289623e-09
-3.96699962e-09
1.62646394e-08
1.22184707e-08
7.39366257e-09
-8.74961348e-09
8.49929727e-09
-1.00594795e-08
-2.87808604e-08
1.95092067e-08
1.20227304e-08
-0.293761075
0.293237507
-0.515019357
0.0678962693
-0.0324039869
0.0398959965
0.895610154
1.68608398e-08
2.12605116e-08
1.77478281e-08
-1.33784772e-09
-2.82365198e-09
-8.10572853e-09
6.0024169e-10
7.40538919e-09
4.75645044e-12
-1.14946888e-08
-4.57371696e-09
1.10936256e-08
-1.97780722e-10
-4.93042895e-09
-2.39549758e-09
2.62943978e-09
-7.17869986e-10
-0.285539091
0.29082036
-0.491632551
0.0666717514
-0.0303540695
0.0407750979
0.896189272
-6.06117601e-09
5.22147081e-09
1.27688446e-08
2.81182255e-09
-1.94357086e-09
9.69000435e-09
-1.04337516e-09
4.75527928e-09
-1.10171046e-08
1.33016735e-08
2.34671105e-09
-3.83336474e-09
3.56999674e-09
1.7126542e-08
1.74107164e-08
1.03010871e-08
-5.72096703e-10
-0.278006345
0.3014175
-0.469207644
0.0664604902
-0.029839009
0.0381669104
0.898724675
2.82232957e-08
1.26191804e-08
2.14734142e-09
-1.23237358e-08
-1.47243915e-08
-1.76477464e-08
-9.42671452e-09
1.4176571e-08
-9.60112767e-10
-9.96060834e-09
2.41467202e-09
-1.83163262e-08
1.35172256e-08
1.52637938e-08
-4.06529654e-09
4.9646518e-09
1.49935673e-08
-0.260125697
0.27309218
-0.445430279
0.0646863133
-0.030113833
0.037097089
0.896756411
-1.90545846e-09
2.50761989e-08
2.46135889e-10
2.31282442e-08
5.70752912e-09
3.16980175e-09
3.35082762e-09
1.39313121e-08
1.45713575e-08
3.27198779e-09
1.8455701e-08
-7.35264516e-09
1.50757788e-08
6.1804748e-09
-1.66348642e-08
1.01683781e-08
3.40083295e-09
-0.258247167
0.270087153
-0.439412266
0.0624113791
-0.0278791003
0.0392623581
0.897774756
-1.39726613e-08
-7.00037139e-09
1.64012519e-08
3.78459175e-09
-1.45510688e-08
4.63009897e-09
-2.32290418e-08
5.9258598e-09
2.08114095e-08
1.49304424e-09
7.07650871e-09
6.48459508e-10
2.12194866e-08
-6.60281874e-09
-4.55440263e-09
9.45110656e-09
-1.50495048e-08
-0.247396812
0.265078425
-0.414328694
0.0631793663
-0.0216452815
0.0398227535
0.896836519
1.1884266e-08
1.50124524e-09
3.39389956e-08
-2.09300488e-08
9.38884703e-09
5.06070919e-09
2.89875697e-08
1.51400741e-08
2.08758499e-09
1.02762563e-08
-4.21357971e-09
-1.28254829e-08
-1.1846212e-08
-1.32284246e-08
8.53039239e-09
3.52659901e-09
1.82110664e-08
-0.237760872
0.271832526
-0.395146042
0.0649362653
-0.0211634822
0.0396191999
0.895518184
2.01906971e-08
-2.81827806e-08
-2.46350407e-09
5.81252335e-09
9.98106042e-10
-1.03061604e-08
-5.43678036e-09
1.43738559e-08
2.82743606e-09
8.75689654e-09
1.12271969e-08
1.67602003e-08
-4.5307611e-09
4.18089696e-09
-3.27451222e-09
1.19636754e-08
2.07761843e-08
-0.228200942
0.247770488
-0.36981979
0.068234317
-0.0193711817
0.0350848883
0.892387033
1.57593032e-08
2.49421661e-09
1.44433914e-08
-1.6814744e-09
8.44711856e-09
8.68949801e-09
6.72180223e-09
1.1204472e-08
1.06466809e-08
-8.66489636e-09
1.58579248e-08
-6.91773749e-09
1.43428398e-08
1.11712453e-08
1.62556262e-08
1.05176623e-08
7.44114903e-09
-0.229110032
0.251930833
-0.352762938
0.0685492828
-0.01669815
0.0351950228
0.894995213
3.98640676e-09
1.77107538e-08
-1.20054091e-08
1.14479215e-09
1.22357218e-08
6.00532013e-10
8.17401435e-09
-1.1672556e-10
1.05061337e-08
-1.99573922e-08
1.68415759e-09
-9.14359433e-09
1.38290366e-08
6.32334807e-09
1.99306633e-08
1.61043552e-08
1.65095564e-08
-0.22302261
0.252829283
-0.341149181
0.0672945008
-0.0134543916
0.0375947356
0.897203803
1.62838992e-10
5.09067233e-09
7.72670106e-09
-1.30371971e-08
9.37845002e-09
-2.06839843e-08
1.60354094e-08
-2.04487964e-08
1.3669168e-08
9.27765686e-09
4.52905731e-08
2.73588565e-08
-2.61867203e-08
2.71296496e-08
1.17503234e-08
-1.30066926e-08
8.91013663e-09
-0.21849227
0.250249535
-0.321619332
0.0662711859
-0.0152959209
0.0372593589
0.897310913
2.20342695e-08
3.4621026e-09
6.19093798e-09
2.40387124e-08
-7.10905068e-09
1.1146561e-08
2.72072942e-08
-1.26074715e-08
3.32846426e-08
1.83612627e-08
-1.99582639e-09
-1.70843961e-09
1.24573214e-08
6.88446467e-10
1.73643979e-08
-9.1442881e-10
-1.6874212e-09
-0.208029181
0.21264261
-0.295849442
0.0657116547
-0.0166955572
0.0350678079
0.89477843
1.54445412e-09
-1.30812277e-08
3.04349861e-08
2.09315747e-08
9.03333142e-09
7.88603849e-09
1.96685196e-10
2.0359856e-09
-5.23955457e-09
1.47464467e-08
-2.9402929e-09
-6.30054009e-09
5.27957367e-09
-8.11845879e-09
1.57952247e-08
1.64457159e-08
5.73770409e-09
-0.21225822
0.214042619
-0.286408156
0.0652489588
-0.0179700106
0.0351187401
0.891295552
8.45811865e-09
2.12599058e-08
1.24483375e-08
1.08972866e-08
-1.07198836e-08
-5.30887734e-09
1.27744046e-08
-7.44760253e-09
5.73412651e-09
-3.15760795e-09
-1.96946068e-08
-2.91894295e-08
1.15792647e-08
1.81415825e-08
-1.06059128e-09
2.48453187e-08
7.32963645e-09
-0.20552434
0.199366748
-0.281447113
0.0639371499
-0.0189627372
0.0355025865
0.894992709
7.40303641e-09
-1.15816379e-08
1.34154012e-08
-5.42748335e-09
-1.53629873e-08
9.93396121e-09
1.45684833e-08
-1.48876449e-08
-4.97846457e-08
-1.19336381e-08
-1.23365549e-08
-6.85833434e-09
7.34502192e-09
5.75784043e-09
3.28056499e-10
2.12629256e-08
1.59659574e-08
-0.20631364
0.193434328
-0.270636588
0.0639042929
-0.0194930714
0.0342519432
0.893513083
-1.41694176e-08
1.37742333e-08
1.44873358e-08
1.20684405e-08
1.50238737e-08
1.49314197e-08
-1.5910441e-08
1.30166846e-08
-1.67769554e-09
1.14964935e-08
-9.44452072e-09
3.96423205e-09
-2.68567923e-09
1.18037917e-08
-1.62492988e-08
3.38947914e-09
7.79056908e-09
-0.216839969
0.214098066
-0.278640211
0.0639675185
-0.0193713494
0.0379354768
0.894632518
8.85345219e-09
-2.23258994e-08
1.53397011e-08
-1.03065645e-08
3.85053101e-09
-8.94458285e-09
4.05911349e-09
-5.84883564e-09
2.82157568e-08
1.74891923e-09
2.47861092e-08
7.42447048e-10
-5.36721952e-11
5.40006573e-09
8.26034519e-10
-3.58125929e-09
1.36211433e-08
-0.218691751
0.225478053
-0.286656767
0.056198772
-0.0164055154
0.0454792082
0.895424426
1.51115032e-08
5.465282e-09
3.2481708e-08
8.13859202e-09
4.28225982e-10
-9.51071999e-10
1.4041551e-08
1.56819588e-08
3.13316706e-09
-1.36750156e-09
3.25111493e-09
-5.17049425e-09
6.02289552e-09
-9.49896606e-09
4.4279278e-09
1.04773381e-08
6.98098512e-09
-0.231090054
0.249421328
-0.282255977
0.0600986481
-0.0179285705
0.0445526242
0.897002816
-1.21932109e-08
7.17419191e-09
-2.2535569e-09
2.4389843e-08
9.57563007e-09
-6.54191501e-09
2.08998561e-08
1.06117684e-08
3.25565774e-09
7.8482616e-09
1.1759993e-08
-9.55410684e-09
2.1761922e-08
9.34091804e-10
-1.31797793e-11
3.66898223e-09
2.23784831e-08
-0.225255862
0.247801915
-0.274173111
0.0609147847
-0.0177662484
0.0449550673
0.895556569
4.29016955e-09
6.01684391e-09
1.55554469e-09
7.47122453e-09
1.26318529e-08
-1.25618338e-09
-4.04488976e-09
-5.97414962e-09
1.58514872e-08
2.40564635e-09
1.71400636e-08
1.81005184e-08
2.18899192e-08
-2.21501062e-09
8.06219091e-09
1.19547483e-08
2.83100725e-08
-0.231695548
0.277109593
-0.284467816
0.0610287897
-0.0194148198
0.0482090823
0.895995498
1.32728983e-08
1.24742634e-08
9.34309607e-09
1.87880271e-08
9.12062603e-09
5.36712985e-09
2.31136887e-09
-4.35711689e-09
1.95121928e-08
2.08355662e-08
-5.71274406e-09
-6.3126504e-09
-1.45108832e-08
-5.37353761e-09
-1.23515131e-09
6.93586255e-09
-1.19947989e-08
-0.222402468
0.297362983
-0.285402954
0.0541896559
-0.0178093705
0.0534225889
0.896514475
-8.53598792e-09
2.22028129e-09
-5.90959059e-09
-1.17026913e-08
5.77175197e-09
1.4380694e-08
-2.44803422e-09
3.56668117e-09
6.49145315e-09
1.93799181e-08
-5.37192846e-10
8.27156477e-09
2.16104041e-08
-2.73890799e-09
7.932905e-09
-1.33032252e-08
8.06049005e-09
-0.224221766
0.330447465
-0.280860454
0.0574646108
-0.0169514697
0.0565815382
0.895641625
2.0824265e-08
2.79591887e-08
1.64616498e-09
1.10824381e-08
3.28240568e-09
2.86566326e-09
1.38661589e-08
8.08499223e-09
1.76686887e-09
-6.94493307e-09
1.58688696e-09
3.08430992e-09
-1.00419593e-08
5.45611556e-09
2.97700931e-09
1.98467092e-08
7.29944416e-09
-0.213742509
0.33613646
-0.270594507
0.0598372929
-0.0162173826
0.0540734008
0.896084785
1.4620511e-08
1.52374324e-09
-3.53586782e-09
4.52651472e-09
-2.83355406e-09
1.07569589e-08
6.92277169e-09
1.35308733e-08
-1.48817936e-08
-2.35812117e-08
1.06798161e-08
2.09053996e-09
-3.57891916e-09
1.94674783e-08
-3.99409483e-09
-3.32816247e-10
-5.7020606e-09
-0.210918486
0.352484822
-0.269245684
0.0618310422
-0.017036302
0.0582257807
0.897473454
3.20703619e-09
-6.49146692e-09
4.27986091e-09
-2.68645284e-09
-2.27691221e-09
-8.34777225e-09
-1.0073463e-08
1.85814848e-08
-8.30032132e-09
-1.7191649e-08
-1.72930186e-08
-2.11802575e-08
-9.78945724e-09
1.44710477e-09
-4.93295449e-09
-1.0429454e-09
-2.1335067e-08
-0.206520751
0.37578243
-0.271425068
0.0558563098
-0.0130276661
0.0625843629
0.895891011
5.53857071e-10
7.14406367e-10
-8.80241036e-09
1.03034825e-08
1.23054056e-09
-1.14152172e-08
3.37717054e-09
-1.0281348e-09
1.10715925e-09
1.50511621e-08
-1.88485831e-08
3.23743543e-09
4.04556921e-09
2.60724087e-09
1.02519989e-13
-1.5437422e-08
1.03199838e-09
-0.209963545
0.395374566
-0.266548514
0.0584098659
-0.012424876
0.0635008365
0.897344291
-1.23087105e-08
-1.13454461e-10
1.43680943e-08
2.36945183e-08
-2.77689027e-09
-8.31967029e-09
-1.65079168e-08
-1.17505445e-08
1.06162457e-08
7.77209497e-09
-1.46130386e-09
1.00421127e-09
-7.73336151e-09
1.53069823e-08
2.60469157e-09
1.30221958e-08
1.91537453e-08
-0.196540251
0.36785394
-0.244177267
0.059933953
-0.0131741744
0.0619018152
0.89476496
-1.09926965e-08
-1.32448932e-08
5.48752155e-09
-2.1703622e-08
2.27007284e-08
8.63277272e-09
-1.83055104e-09
9.70661418e-09
6.88168234e-09
3.02159151e-08
3.00966541e-08
-7.87350896e-09
3.07736969e-09
-1.67636749e-08
-8.29411118e-09
-2.21760246e-08
-9.81724479e-09
-0.188167602
0.370346427
-0.225755289
0.0612216145
-0.0107546235
0.0605786853
0.894976676
1.78346529e-08
2.32397372e-08
1.15813614e-09
3.98204802e-09
9.67015179e-09
-8.42309611e-10
1.82567836e-10
-1.32060884e-09
-1.97166372e-09
1.04877946e-08
-1.72220833e-08
1.82509758e-08
-4.4240398e-09
-6.18667739e-09
1.09338574e-08
2.15327467e-09
8.92885232e-09
-0.156901851
0.375809222
-0.213219151
0.0576847233
-0.00801069755
0.0653744489
0.891841352
1.35287896e-08
-1.42587719e-08
1.94861371e-08
2.177749e-08
9.49458512e-10
-5.34049249e-09
2.70761422e-08
-1.68914536e-08
-4.5023123e-09
2.34234268e-08
-2.16395417e-08
-1.102811e-08
-1.12385479e-08
1.55420476e-08
9.82521531e-09
8.78673578e-09
1.48195536e-08
