vla: arch = evo1
vla(evo1): lm=896d×14L (14q/2kv×64) inter=4864  embed=896 dit=8L×8h  horizon=50 per_a=24 N_steps=32  resident matmul=BF16
vla(evo1): backend = CPU (16 threads)
vla(evo1): weights resident in 1.20 GiB (bf16) - incl. InternViT vision tower
action_len=1200
-0.244621202
0.319413036
-0.463381857
0.0767440423
-0.0541078784
0.0469768532
0.891055286
-1.53386335e-08
-2.07348059e-08
5.94760463e-09
-5.94967942e-09
8.91926444e-09
-2.06752162e-08
6.86593715e-09
8.21015522e-09
5.62991875e-09
-1.21322259e-08
3.40238877e-08
1.38798724e-08
-8.95171315e-09
1.95495762e-08
2.9675844e-08
-5.12433163e-09
-5.44475443e-09
-0.234788612
0.294419646
-0.466773033
0.0776163042
-0.0464472882
0.044471968
0.892158091
2.66484044e-08
1.60701363e-09
7.45607132e-09
-1.56572071e-08
6.3159139e-10
-1.00919451e-08
5.18627052e-09
3.89531252e-09
1.69939849e-08
-1.09892428e-09
2.33020714e-08
1.1025751e-08
3.4261971e-09
4.15604173e-09
1.3792973e-08
1.03278575e-09
1.7017614e-08
-0.244340748
0.298847824
-0.484183192
0.0780409053
-0.0473657548
0.0439613797
0.891418874
1.53976494e-08
1.1569278e-08
3.48773255e-09
1.94907397e-08
-1.48226622e-08
2.36158257e-08
-1.19623529e-08
-5.85279469e-09
-1.2042384e-08
1.55093716e-08
-2.41517419e-08
2.02356922e-08
4.47370674e-09
3.11335691e-09
2.79866308e-09
-1.51338397e-09
-1.25365265e-08
-0.253470004
0.313573241
-0.492238224
0.0754058957
-0.0459656529
0.045624651
0.891104639
-9.29489152e-10
6.85174051e-09
6.75678136e-09
1.03238316e-08
-4.51658266e-09
8.26757507e-09
1.74827963e-09
7.36223615e-09
-7.85170506e-09
1.44031675e-08
1.06896421e-08
8.80617623e-09
3.52027207e-09
1.89159071e-08
7.90700305e-09
3.07428465e-08
1.38893261e-08
-0.253129721
0.318370283
-0.494490534
0.0715936124
-0.0448269472
0.0426591113
0.892108738
1.64548153e-10
1.89505833e-08
1.56251474e-08
1.87318583e-09
6.62681954e-09
-2.40454323e-08
1.09335485e-09
2.28055157e-08
9.72079306e-09
7.06136816e-10
1.14156444e-08
7.77779974e-09
4.32847536e-09
1.60043303e-08
-8.18854318e-09
1.68141785e-08
5.76798254e-09
-0.249431968
0.30148688
-0.489476532
0.0705064014
-0.0427889191
0.039690271
0.892053843
2.15220073e-08
2.67501354e-09
5.89549609e-09
1.32330671e-08
9.9533235e-09
2.03093329e-08
2.48539322e-08
2.09277591e-08
1.09990843e-08
-9.058299e-09
-1.99007566e-09
1.01975237e-08
-7.23307148e-09
1.17749144e-08
2.50916123e-08
-1.37925144e-10
8.67477024e-09
-0.247121111
0.304617643
-0.484526962
0.0712581724
-0.0383715928
0.0369416773
0.892234206
7.81953791e-09
8.58844107e-09
8.65540084e-09
5.39448086e-09
-1.52269202e-08
1.77997439e-08
-1.46936474e-09
-1.01333439e-08
3.5252512e-10
-5.74387782e-09
1.74339849e-08
1.54126378e-09
8.03405786e-09
-3.14300297e-09
2.65499924e-08
1.37309053e-08
1.25585125e-08
-0.238400653
0.304902166
-0.468978643
0.0721253082
-0.0330073573
0.0353496708
0.89049542
2.09513153e-08
5.70230396e-09
-8.29230817e-09
2.23580994e-08
2.01705177e-08
-6.04390982e-09
-6.70752509e-10
1.10127445e-08
-7.74517872e-09
2.47759369e-09
2.48289993e-08
-5.54637536e-09
2.49142698e-08
2.41946267e-08
1.88707858e-08
3.85488352e-09
6.43625908e-09
-0.227738336
0.306924194
-0.444364041
0.0731517896
-0.0299717337
0.0320131108
0.891175628
9.07404285e-09
2.41055851e-08
1.63647904e-08
2.45417482e-08
-3.83336385e-09
-1.61092188e-08
1.38880587e-08
1.27886111e-08
1.11393561e-08
1.5097795e-08
4.10187226e-08
-8.03048117e-09
4.92102759e-09
2.45758205e-08
1.13837952e-08
1.15074048e-08
8.3705034e-09
-0.215664357
0.273340911
-0.418543309
0.0746125877
-0.0297392476
0.0261125211
0.890436411
1.78621633e-08
5.2615523e-10
-1.23430199e-08
1.86732713e-10
8.00403832e-09
7.80132417e-11
2.75889533e-08
1.55239874e-08
1.12984795e-08
1.91499545e-08
7.49595408e-09
6.74478962e-09
5.37304246e-09
7.21146698e-09
1.00050315e-08
7.35012229e-09
1.22012649e-08
-0.222689942
0.2709876
-0.422506958
0.073802568
-0.0295852199
0.0282473136
0.891581118
2.06100115e-08
-1.62705405e-08
-1.23023662e-08
1.84393212e-08
8.75858386e-10
9.543486e-09
9.76994041e-09
1.56245807e-08
-3.48379259e-09
-2.7318775e-10
2.54157778e-10
-2.0012358e-08
1.3822266e-08
4.52835636e-09
2.81432762e-08
-9.68381908e-09
1.03430624e-08
-0.224332407
0.278895438
-0.427298814
0.0725099519
-0.027447233
0.0315410793
0.891619623
1.94016554e-08
1.32789264e-08
1.65225504e-08
-8.42630826e-12
9.36601374e-09
2.56414037e-08
4.68060302e-09
-1.29188837e-08
-1.7199536e-08
-6.75559386e-09
2.05276933e-08
-7.94751653e-10
1.17900285e-08
2.48820822e-08
-1.97273486e-09
9.60244884e-10
-1.08272546e-09
-0.238250867
0.287787139
-0.437269986
0.0707319081
-0.0292826388
0.0325630195
0.893641114
7.4090547e-09
-3.25478311e-10
-7.40139816e-09
2.29999912e-08
1.4094824e-08
5.58011681e-09
-1.2929668e-08
-3.0904681e-09
6.06292794e-09
5.58619995e-09
1.12992495e-08
9.43434397e-09
8.63309513e-09
-1.11692353e-08
1.04160973e-08
3.70801967e-09
2.21333654e-08
-0.243768841
0.271278501
-0.451375455
0.0706083104
-0.0297188498
0.0293400101
0.894710422
9.48958423e-09
2.16360228e-08
2.25450876e-08
1.11599041e-08
3.17310054e-08
-1.60862978e-09
-1.3665554e-08
3.07541081e-09
1.93121501e-08
2.10325446e-08
-5.85053073e-09
-7.1802293e-09
1.01759836e-08
8.46139958e-09
1.03508118e-08
1.77904145e-08
1.32788287e-08
-0.253133595
0.288708895
-0.470973819
0.070403859
-0.0322877057
0.0312471259
0.89471072
1.86319227e-09
7.04230763e-09
-1.76067605e-08
9.35240685e-09
-8.7766896e-09
-6.65376754e-10
5.79378989e-09
-1.23359891e-08
5.81648374e-09
-4.17501339e-10
7.18335658e-09
3.24202665e-09
-6.19686613e-09
-7.66125297e-09
-9.15476406e-09
-2.70463829e-09
-2.27690116e-08
-0.26502955
0.31121403
-0.501687527
0.0705707893
-0.0318164155
0.034437649
0.896226406
-4.76576689e-09
-1.02530349e-08
-4.44255521e-09
1.48808414e-08
1.87928269e-08
1.22859509e-08
6.50270593e-09
3.26861915e-08
1.16866596e-08
1.93263592e-08
7.0610553e-09
2.95260305e-09
1.37925111e-08
-6.35575992e-09
2.115778e-09
3.177619e-10
1.70614722e-08
-0.280292004
0.344168335
-0.5151999
0.0712309182
-0.0348412581
0.0344998315
0.894081414
7.5162303e-09
2.05520392e-10
-1.9769411e-08
3.57210461e-09
9.87591697e-09
-2.22460619e-10
1.05080504e-08
3.78256324e-08
-8.4843208e-09
-2.45445975e-09
1.64571077e-08
9.97779459e-09
-1.63812892e-08
9.5563415e-09
1.1295068e-08
-1.80013657e-08
1.13572023e-08
-0.296895146
0.330758691
-0.539375126
0.0714735314
-0.0379289687
0.0365000963
0.894786417
1.76389783e-08
2.57245656e-08
2.12412243e-09
2.31641284e-08
1.35449802e-08
-1.56137292e-09
1.49646127e-08
4.09005452e-09
8.02254374e-10
-1.97691232e-08
-2.97364466e-09
-4.94090679e-09
1.65309242e-08
1.63634652e-08
-9.00968899e-09
1.30948079e-08
-1.04655333e-08
-0.300532341
0.329264283
-0.54944396
0.0690100938
-0.0393561944
0.0423929729
0.894377172
2.67061773e-09
1.43925734e-08
2.14315463e-08
1.39251588e-09
-5.48351275e-09
-1.22218999e-08
4.3956776e-09
-1.50926347e-08
2.25943513e-08
6.85452362e-09
-4.56691795e-09
7.32668648e-10
1.53059023e-08
1.03335704e-08
3.1376679e-09
2.07562643e-08
5.63956704e-09
-0.306872457
0.329424083
-0.546901286
0.0700702369
-0.0379557498
0.0429588035
0.893164515
1.36724143e-08
-9.08141118e-09
2.48298342e-08
1.26606226e-11
1.45735575e-08
-1.43040957e-08
2.73520993e-08
-3.86124555e-09
1.20315073e-08
1.89677838e-08
1.47933603e-08
8.90032936e-09
-5.77918069e-09
9.32557231e-09
8.56634652e-10
8.64663985e-09
1.2289239e-08
-0.294595093
0.301051706
-0.529297411
0.0689624324
-0.0369272679
0.0400956646
0.89229387
-1.72626944e-08
-3.48603013e-09
1.05607754e-08
-4.61772665e-09
1.63273981e-08
3.23264082e-08
3.87706178e-09
-3.97351219e-09
1.62633604e-08
1.22067769e-08
7.398957e-09
-8.74921469e-09
8.49670556e-09
-1.00541806e-08
-2.87709909e-08
1.95056984e-08
1.20255752e-08
-0.294069082
0.293496221
-0.515091836
0.067294836
-0.0324789956
0.0400797762
0.894727767
1.68664354e-08
2.1255758e-08
1.77526545e-08
-1.3335496e-09
-2.82192936e-09
-8.09993406e-09
6.04750527e-10
7.40229256e-09
1.56411533e-11
-1.1489198e-08
-4.57434135e-09
1.10976686e-08
-1.98699834e-10
-4.92786478e-09
-2.39526621e-09
2.62229771e-09
-7.19096671e-10
-0.28619042
0.291004717
-0.49234271
0.0667210221
-0.0306509249
0.0407226644
0.895400107
-6.0627805e-09
5.21839416e-09
1.27581137e-08
2.80705947e-09
-1.94756811e-09
9.6994226e-09
-1.04243281e-09
4.75158624e-09
-1.10161507e-08
1.33068987e-08
2.35447217e-09
-3.82966814e-09
3.57155328e-09
1.71192269e-08
1.7389894e-08
1.0305782e-08
-5.72913272e-10
-0.277761847
0.300763041
-0.47010693
0.066601567
-0.0296998955
0.0383618101
0.898827493
2.82244184e-08
1.26128974e-08
2.14286833e-09
-1.23285933e-08
-1.47179504e-08
-1.76445294e-08
-9.4161523e-09
1.41915901e-08
-9.63639613e-10
-9.96491512e-09
2.41603959e-09
-1.83111784e-08
1.35192861e-08
1.52686805e-08
-4.06802814e-09
4.96122254e-09
1.50010528e-08
-0.259623975
0.271855593
-0.445513874
0.0638338998
-0.0304145422
0.037994884
0.897484183
-1.91361482e-09
2.50764032e-08
2.53907451e-10
2.31262511e-08
5.71214187e-09
3.16941207e-09
3.34835826e-09
1.39308023e-08
1.45729508e-08
3.26846394e-09
1.84535836e-08
-7.34949923e-09
1.50815609e-08
6.17086116e-09
-1.66410938e-08
1.01711395e-08
3.39775741e-09
-0.257631153
0.268948406
-0.439680874
0.0621323436
-0.028036328
0.0396206975
0.897006989
-1.3970344e-08
-7.00988423e-09
1.63991096e-08
3.78195431e-09
-1.4564046e-08
4.62515226e-09
-2.3227134e-08
5.91954707e-09
2.08135909e-08
1.49062718e-09
7.07594738e-09
6.42220666e-10
2.1219174e-08
-6.5991248e-09
-4.54150006e-09
9.44320533e-09
-1.50578856e-08
-0.24682118
0.265161276
-0.414978623
0.0629958138
-0.021485474
0.0400929898
0.895843506
1.1878015e-08
1.51333746e-09
3.39368142e-08
-2.09303668e-08
9.38411304e-09
5.059555e-09
2.89900211e-08
1.51438631e-08
2.09195372e-09
1.0274781e-08
-4.22178914e-09
-1.28239952e-08
-1.18459571e-08
-1.32262192e-08
8.52558024e-09
3.53463903e-09
1.82159976e-08
-0.23804532
0.271832734
-0.395771563
0.0644655004
-0.0211852472
0.0396106057
0.896429479
2.01927914e-08
-2.81867951e-08
-2.46623988e-09
5.82061777e-09
9.90652116e-10
-1.03013349e-08
-5.4289413e-09
1.4372886e-08
2.83203949e-09
8.75113049e-09
1.12257883e-08
1.67535443e-08
-4.52669635e-09
4.18199875e-09
-3.28041128e-09
1.19690933e-08
2.07811084e-08
-0.227355182
0.24732399
-0.370499343
0.0680152103
-0.0190156102
0.0357309356
0.894453168
1.57651527e-08
2.49847165e-09
1.4446881e-08
-1.6800028e-09
8.45328962e-09
8.69163497e-09
6.72573197e-09
1.11937615e-08
1.06391429e-08
-8.65697292e-09
1.58551874e-08
-6.91215751e-09
1.43487346e-08
1.11710037e-08
1.62619163e-08
1.05159499e-08
7.44776996e-09
-0.228633955
0.251786441
-0.352739185
0.0685883164
-0.0163513646
0.0355169661
0.895392597
3.99333455e-09
1.77124946e-08
-1.20097079e-08
1.14220355e-09
1.22380337e-08
6.11582396e-10
8.17285706e-09
-1.23569363e-10
1.05106341e-08
-1.99520329e-08
1.67941572e-09
-9.14026632e-09
1.3826118e-08
6.31949826e-09
1.99222292e-08
1.61035221e-08
1.65077125e-08
-0.221112803
0.252589971
-0.341521919
0.0673656911
-0.0134686856
0.0381509922
0.896699667
1.68409342e-10
5.0915947e-09
7.73567255e-09
-1.30322109e-08
9.37528366e-09
-2.06697717e-08
1.6034976e-08
-2.04399111e-08
1.36614808e-08
9.27428445e-09
4.52903492e-08
2.73550533e-08
-2.61729411e-08
2.7122212e-08
1.17575922e-08
-1.30031976e-08
8.92645602e-09
-0.217037544
0.24893862
-0.321408689
0.0662013069
-0.0151986601
0.0373245366
0.896498263
2.20272707e-08
3.45113271e-09
6.18968077e-09
2.40437394e-08
-7.10489267e-09
1.11456249e-08
2.72019456e-08
-1.26116095e-08
3.32889911e-08
1.83614954e-08
-2.0044415e-09
-1.71601533e-09
1.24580364e-08
6.84865109e-10
1.7361927e-08
-9.20931664e-10
-1.68835401e-09
-0.207110479
0.212565646
-0.296033233
0.0656776056
-0.0166320577
0.0349945091
0.895959973
1.54518331e-09
-1.30838442e-08
3.04282075e-08
2.09305604e-08
9.03006914e-09
7.87899612e-09
2.00911759e-10
2.03899164e-09
-5.23915666e-09
1.47507775e-08
-2.94269675e-09
-6.29985708e-09
5.2750142e-09
-8.12770118e-09
1.57973012e-08
1.64415699e-08
5.73588466e-09
-0.211268127
0.212602213
-0.285999298
0.0654631555
-0.0181156676
0.0350011922
0.892986119
8.46445047e-09
2.12600604e-08
1.24520332e-08
1.08997078e-08
-1.07184812e-08
-5.3103042e-09
1.27781821e-08
-7.45065432e-09
5.72627101e-09
-3.15296522e-09
-1.96904608e-08
-2.91892785e-08
1.1566522e-08
1.8137662e-08
-1.05416598e-09
2.48482532e-08
7.33483985e-09
-0.204257354
0.19860962
-0.282605678
0.0638453364
-0.0188263115
0.0357650779
0.894248545
7.39874162e-09
-1.15863061e-08
1.34146978e-08
-5.43100009e-09
-1.53631312e-08
9.92876803e-09
1.45675862e-08
-1.48840451e-08
-4.97901951e-08
-1.19447288e-08
-1.23366881e-08
-6.86120138e-09
7.35492023e-09
5.75529091e-09
3.27973065e-10
2.12573177e-08
1.5975127e-08
-0.205885381
0.192630038
-0.270937771
0.0640059188
-0.0193400513
0.0340750106
0.895043731
-1.41740175e-08
1.37736142e-08
1.44862504e-08
1.20754766e-08
1.50215929e-08
1.49271759e-08
-1.59164379e-08
1.30157467e-08
-1.67681935e-09
1.14992016e-08
-9.45196543e-09
3.94815247e-09
-2.69055911e-09
1.18029808e-08
-1.62479399e-08
3.40033446e-09
7.77856357e-09
-0.214965075
0.212223709
-0.278691977
0.0633155555
-0.0190257058
0.0380364992
0.893621743
8.84810536e-09
-2.23297221e-08
1.53383208e-08
-1.03099218e-08
3.85314625e-09
-8.94534669e-09
4.0555066e-09
-5.85259929e-09
2.82100192e-08
1.75589288e-09
2.47858107e-08
7.28787197e-10
-4.44835419e-11
5.39706413e-09
8.22545587e-10
-3.58318797e-09
1.36191831e-08
-0.217906132
0.224914089
-0.286424071
0.0564984791
-0.0163508169
0.0454399213
0.895596325
1.51064405e-08
5.46892531e-09
3.24723217e-08
8.14632539e-09
4.2839049e-10
-9.5970687e-10
1.40450922e-08
1.56717768e-08
3.13341997e-09
-1.36562528e-09
3.24911698e-09
-5.17680032e-09
6.02044192e-09
-9.499451e-09
4.4381232e-09
1.0481922e-08
6.97042646e-09
-0.229969606
0.24840045
-0.281946838
0.0602507032
-0.0180372689
0.0447520427
0.898129106
-1.21801165e-08
7.1803532e-09
-2.26044294e-09
2.43989344e-08
9.57678292e-09
-6.5479564e-09
2.09002131e-08
1.06190505e-08
3.26365268e-09
7.83955389e-09
1.17598411e-08
-9.5555821e-09
2.17562928e-08
9.36731359e-10
-1.85441974e-11
3.66325192e-09
2.23737757e-08
-0.224408969
0.247677252
-0.274555236
0.0611812025
-0.0173903424
0.0446555838
0.895343542
4.28949187e-09
6.01863448e-09
1.55658808e-09
7.47966578e-09
1.26369342e-08
-1.26180411e-09
-4.03885414e-09
-5.96631766e-09
1.58407492e-08
2.40908382e-09
1.7131276e-08
1.81082598e-08
2.18893987e-08
-2.22180607e-09
8.06115796e-09
1.1949294e-08
2.83185244e-08
-0.231049523
0.277335078
-0.284074873
0.061119739
-0.019240642
0.0483970679
0.89629072
1.32679476e-08
1.24744739e-08
9.33152311e-09
1.87901481e-08
9.11328879e-09
5.36808198e-09
2.30959918e-09
-4.35691216e-09
1.95103116e-08
2.08394546e-08
-5.70879921e-09
-6.30174135e-09
-1.45042263e-08
-5.36900036e-09
-1.23024757e-09
6.94785962e-09
-1.19996306e-08
-0.221334234
0.297642916
-0.284526438
0.054357145
-0.0177241862
0.0534842871
0.896591187
-8.52771365e-09
2.21907515e-09
-5.90370419e-09
-1.17059304e-08
5.77779202e-09
1.43746473e-08
-2.44734277e-09
3.56901708e-09
6.49881304e-09
1.93789091e-08
-5.51061641e-10
8.27589108e-09
2.15988649e-08
-2.73800005e-09
7.93257282e-09
-1.32994877e-08
8.06818079e-09
-0.223161891
0.330245793
-0.280317664
0.0577582866
-0.0167113915
0.0560281985
0.895568311
2.08212096e-08
2.79531349e-08
1.64028136e-09
1.10820704e-08
3.27800365e-09
2.86991453e-09
1.38755318e-08
8.08697376e-09
1.77158443e-09
-6.93551661e-09
1.58098423e-09
3.08703751e-09
-1.00430242e-08
5.45592727e-09
2.98095415e-09
1.98491303e-08
7.29876426e-09
-0.21226491
0.335494906
-0.268860728
0.0599380955
-0.0155531652
0.0545301214
0.895750344
1.461874e-08
1.51918944e-09
-3.53329122e-09
4.53272042e-09
-2.82832868e-09
1.07534159e-08
6.91697721e-09
1.35310065e-08
-1.48915458e-08
-2.35751969e-08
1.06912657e-08
2.08654471e-09
-3.58728824e-09
1.94679988e-08
-3.99717281e-09
-3.41248502e-10
-5.70031045e-09
-0.210339576
0.351785749
-0.268562049
0.0619565733
-0.0168719236
0.0582477711
0.897450089
3.20399129e-09
-6.49589893e-09
4.27310987e-09
-2.68826295e-09
-2.28006058e-09
-8.35081337e-09
-1.00702877e-08
1.8570196e-08
-8.31143865e-09
-1.71957772e-08
-1.728956e-08
-2.11709636e-08
-9.78613457e-09
1.44605816e-09
-4.92846741e-09
-1.03894593e-09
-2.13259046e-08
-0.205940142
0.375459373
-0.270078212
0.055971954
-0.0127452323
0.0626934469
0.895076454
5.49061907e-10
7.13136217e-10
-8.80374884e-09
1.02958921e-08
1.2383008e-09
-1.14121921e-08
3.38183592e-09
-1.02543474e-09
1.12203691e-09
1.50508193e-08
-1.8849768e-08
3.23548677e-09
4.04501099e-09
2.60502486e-09
-2.90691841e-12
-1.54404454e-08
1.03684217e-09
-0.209722698
0.394921631
-0.26537016
0.0583217181
-0.0123969475
0.063352786
0.897309005
-1.23048638e-08
-9.76693657e-11
1.43767025e-08
2.36925963e-08
-2.77032086e-09
-8.3287226e-09
-1.65042255e-08
-1.17531993e-08
1.0614464e-08
7.76579068e-09
-1.45419776e-09
1.00189601e-09
-7.73586706e-09
1.53061777e-08
2.6016036e-09
1.30229774e-08
1.91557881e-08
-0.196079135
0.366534591
-0.243515596
0.059962742
-0.0128837656
0.0613438673
0.894773483
-1.09936442e-08
-1.32444766e-08
5.48621593e-09
-2.17034319e-08
2.27099424e-08
8.63361382e-09
-1.83388171e-09
9.70804948e-09
6.88389257e-09
3.0209204e-08
3.00882768e-08
-7.87339527e-09
3.07548076e-09
-1.67620069e-08
-8.30002289e-09
-2.21719603e-08
-9.81078419e-09
-0.187120616
0.368874162
-0.224557579
0.0614498779
-0.0103683444
0.0600626171
0.894513369
1.78351591e-08
2.32445601e-08
1.16102461e-09
3.96987909e-09
9.68448166e-09
-8.51634763e-10
1.83577237e-10
-1.31582856e-09
-1.9683688e-09
1.04786881e-08
-1.72201613e-08
1.82554274e-08
-4.42302239e-09
-6.19611962e-09
1.09353691e-08
2.15866436e-09
8.93487417e-09
-0.156981915
0.375749528
-0.212206483
0.0576505363
-0.00831541419
0.0651841238
0.891119301
1.35360221e-08
-1.42687258e-08
1.94915444e-08
2.17715588e-08
9.56158042e-10
-5.34764988e-09
2.70703335e-08
-1.68879364e-08
-4.51118387e-09
2.34259119e-08
-2.163973e-08
-1.10305134e-08
-1.124058e-08
1.55304551e-08
9.82258452e-09
8.78507045e-09
1.48150416e-08
