vla: arch = evo1
vla(evo1): lm=896d×14L (14q/2kv×64) inter=4864  embed=896 dit=8L×8h  horizon=50 per_a=24 N_steps=32  resident matmul=BF16
vla(evo1): backend = CUDA (device 0)
vla(evo1): activations = BF16 (VLA_EVO1_BF16_ACT)
vla(evo1): weights resident in 1.20 GiB (bf16) - incl. InternViT vision tower
action_len=1200
-0.246520936
0.317625731
-0.456479162
0.0759257227
-0.0538268015
0.0470114648
0.893046439
-1.54011328e-08
-2.07611706e-08
5.93609339e-09
-5.98564398e-09
8.90028851e-09
-2.07804298e-08
6.86893165e-09
8.19614776e-09
5.64513725e-09
-1.21497843e-08
3.41430102e-08
1.39025973e-08
-8.94767549e-09
1.95619148e-08
2.97048039e-08
-5.13399367e-09
-5.44276357e-09
-0.235329807
0.293575287
-0.462809086
0.0769579634
-0.0465690717
0.0444460213
0.889426291
2.66561724e-08
1.59330726e-09
7.43664286e-09
-1.56934767e-08
5.76733661e-10
-1.01635553e-08
5.16549337e-09
3.86139298e-09
1.70131642e-08
-1.08979459e-09
2.33511912e-08
1.10474874e-08
3.41243989e-09
4.12223233e-09
1.38104488e-08
1.0672927e-09
1.70063874e-08
-0.2454184
0.298975557
-0.481251955
0.0778731033
-0.0466563068
0.0434971899
0.888766348
1.5416358e-08
1.15907426e-08
3.44747164e-09
1.94863858e-08
-1.48946473e-08
2.36710935e-08
-1.20038868e-08
-5.90152238e-09
-1.21282611e-08
1.55646784e-08
-2.4198437e-08
2.02950385e-08
4.50500748e-09
3.10645509e-09
2.80714607e-09
-1.54550794e-09
-1.25866988e-08
-0.253422052
0.314875752
-0.486905992
0.0753039941
-0.0452093221
0.0453057103
0.889540792
-9.18672083e-10
6.83908885e-09
6.74641232e-09
1.03596092e-08
-4.52801752e-09
8.3058751e-09
1.73859893e-09
7.37190708e-09
-7.84195286e-09
1.44078713e-08
1.06896785e-08
8.80925288e-09
3.53151597e-09
1.89418365e-08
7.88508014e-09
3.08194146e-08
1.38773437e-08
-0.25268352
0.318566531
-0.488207698
0.071383588
-0.0449804291
0.0430015661
0.892420948
1.70004968e-10
1.89914839e-08
1.56382818e-08
1.88102534e-09
6.63786848e-09
-2.40502356e-08
1.07556641e-09
2.28468746e-08
9.72682646e-09
7.00710434e-10
1.14234355e-08
7.76307285e-09
4.32195968e-09
1.60382037e-08
-8.18292012e-09
1.68122654e-08
5.76863313e-09
-0.247551486
0.302587748
-0.484695733
0.0699936599
-0.042911876
0.0398462713
0.890158832
2.15821689e-08
2.70558842e-09
5.92995342e-09
1.32364262e-08
9.92899896e-09
2.03434976e-08
2.49419525e-08
2.09881641e-08
1.10147829e-08
-9.0873824e-09
-1.99869166e-09
1.02023048e-08
-7.23781213e-09
1.17789796e-08
2.51744332e-08
-1.28232244e-10
8.64594529e-09
-0.24528943
0.305527538
-0.478716135
0.070987843
-0.0382512398
0.0369487405
0.891589344
7.82991805e-09
8.59162874e-09
8.67195826e-09
5.40347944e-09
-1.53446287e-08
1.78085156e-08
-1.48584955e-09
-1.01698641e-08
3.16045273e-10
-5.76298831e-09
1.744875e-08
1.49577351e-09
8.02322742e-09
-3.14430659e-09
2.65554689e-08
1.37100775e-08
1.25700099e-08
-0.23811534
0.303532034
-0.464739978
0.071244292
-0.0329812095
0.0352988876
0.892272234
2.09384758e-08
5.70203396e-09
-8.30210922e-09
2.24047465e-08
2.01990034e-08
-6.06679684e-09
-6.55351273e-10
1.10085354e-08
-7.76947218e-09
2.4665443e-09
2.48429686e-08
-5.54270496e-09
2.49627359e-08
2.42731044e-08
1.88959763e-08
3.84675936e-09
6.43082698e-09
-0.225952387
0.306028336
-0.439426988
0.0734328702
-0.0304720812
0.0319764987
0.891154587
9.05657238e-09
2.41250007e-08
1.63839786e-08
2.45841214e-08
-3.84964816e-09
-1.61310751e-08
1.38897462e-08
1.2832075e-08
1.11396385e-08
1.51411719e-08
4.10506615e-08
-8.02519562e-09
4.89580598e-09
2.46629295e-08
1.14147065e-08
1.15197558e-08
8.41038794e-09
-0.21446532
0.271774739
-0.416746169
0.0748793408
-0.030371923
0.0263952296
0.889975846
1.78680271e-08
5.0565363e-10
-1.23613288e-08
1.54609686e-10
8.00889133e-09
3.93897276e-11
2.77073049e-08
1.56065436e-08
1.13158398e-08
1.92150775e-08
7.51959028e-09
6.75183598e-09
5.40319922e-09
7.2320141e-09
9.99789052e-09
7.35208472e-09
1.22160451e-08
-0.2232164
0.269335806
-0.421960384
0.0747912452
-0.0302445795
0.0281818081
0.890292466
2.06308979e-08
-1.63624403e-08
-1.233039e-08
1.84716793e-08
8.42582559e-10
9.58120694e-09
9.77437509e-09
1.56985163e-08
-3.44204065e-09
-2.4983407e-10
2.70254014e-10
-2.00726937e-08
1.3844609e-08
4.53345983e-09
2.81001178e-08
-9.6842383e-09
1.03634372e-08
-0.225068852
0.279483557
-0.428776681
0.0724750608
-0.0282861814
0.0318575986
0.891951919
1.94020693e-08
1.33096094e-08
1.65555267e-08
1.75100559e-11
9.39868183e-09
2.56609578e-08
4.6681361e-09
-1.29204487e-08
-1.72770687e-08
-6.76064493e-09
2.05721875e-08
-7.71738284e-10
1.17808208e-08
2.49657042e-08
-1.99467776e-09
9.33247257e-10
-1.13394494e-09
-0.238658682
0.290303677
-0.44065702
0.071147196
-0.0299512856
0.0323830396
0.890910566
7.43090212e-09
-3.34990036e-10
-7.41622097e-09
2.30452724e-08
1.41122367e-08
5.56280533e-09
-1.29860158e-08
-3.12632786e-09
6.0522547e-09
5.61115332e-09
1.13147953e-08
9.4285717e-09
8.64342287e-09
-1.11581446e-08
1.04129692e-08
3.69184594e-09
2.21635936e-08
-0.243243411
0.270487547
-0.454540044
0.0711448789
-0.0305488538
0.0294175148
0.89595741
9.48774925e-09
2.1625878e-08
2.26305872e-08
1.11511627e-08
3.17689057e-08
-1.59284175e-09
-1.37045895e-08
3.07747605e-09
1.93106846e-08
2.11234958e-08
-5.86496096e-09
-7.18080972e-09
1.01685007e-08
8.45348147e-09
1.03462501e-08
1.77767383e-08
1.33041507e-08
-0.253185391
0.288991272
-0.4738805
0.0701167807
-0.0329488665
0.032027252
0.896441936
1.87187799e-09
7.03187775e-09
-1.76949211e-08
9.36935507e-09
-8.80318396e-09
-6.73232081e-10
5.81077231e-09
-1.22905277e-08
5.8269114e-09
-3.75717873e-10
7.21666638e-09
3.25021254e-09
-6.18422868e-09
-7.7002742e-09
-9.19556609e-09
-2.73675793e-09
-2.27842971e-08
-0.264722407
0.311564803
-0.50702548
0.0710503533
-0.0325418748
0.0343204774
0.896667004
-4.79058615e-09
-1.02739168e-08
-4.47550752e-09
1.49264157e-08
1.88522655e-08
1.23008199e-08
6.48063336e-09
3.27526202e-08
1.17138672e-08
1.9376289e-08
7.04676983e-09
2.94942404e-09
1.38271776e-08
-6.39125952e-09
2.10734385e-09
2.67812605e-10
1.70317964e-08
-0.278984576
0.34330076
-0.517246366
0.0710840449
-0.0344308428
0.0342808329
0.895000041
7.51556062e-09
2.16006033e-10
-1.98303134e-08
3.5512564e-09
9.92263161e-09
-2.28667252e-10
1.0497109e-08
3.79153917e-08
-8.49933635e-09
-2.422607e-09
1.64592961e-08
9.99055416e-09
-1.64165428e-08
9.5790087e-09
1.13082033e-08
-1.80264443e-08
1.13828023e-08
-0.296150625
0.328537911
-0.539626718
0.0711215362
-0.0377875082
0.0359151587
0.894279063
1.76370119e-08
2.57828336e-08
2.1130091e-09
2.31657822e-08
1.35296192e-08
-1.5472168e-09
1.50031454e-08
4.09737488e-09
7.58286434e-10
-1.9834296e-08
-2.99462921e-09
-4.96965802e-09
1.65404206e-08
1.63817973e-08
-9.0466008e-09
1.30787106e-08
-1.04966595e-08
-0.299619555
0.326756984
-0.548045158
0.0691425949
-0.0395527333
0.0425472781
0.895053506
2.65143152e-09
1.44331542e-08
2.14327347e-08
1.40716794e-09
-5.48607337e-09
-1.22450388e-08
4.41514736e-09
-1.51208788e-08
2.2631875e-08
6.84733648e-09
-4.56159155e-09
7.43652584e-10
1.53103716e-08
1.03336326e-08
3.14017412e-09
2.07805471e-08
5.66327518e-09
-0.305034012
0.325535774
-0.544933796
0.0692081898
-0.037913356
0.0434883758
0.894240975
1.36913183e-08
-9.09914011e-09
2.48840824e-08
1.90383195e-11
1.46254298e-08
-1.43674219e-08
2.74356236e-08
-3.86923782e-09
1.20378125e-08
1.90654674e-08
1.48077248e-08
8.89775897e-09
-5.79760773e-09
9.34101063e-09
8.6146501e-10
8.63863292e-09
1.22617481e-08
-0.292327434
0.296845108
-0.528375506
0.0684166327
-0.0366022624
0.0398381166
0.894191444
-1.73751573e-08
-3.47249984e-09
1.06108198e-08
-4.70649342e-09
1.63055365e-08
3.23432054e-08
3.90341581e-09
-3.99699207e-09
1.62862808e-08
1.22604691e-08
7.38276018e-09
-8.74037021e-09
8.53359072e-09
-1.01123048e-08
-2.87535933e-08
1.95216217e-08
1.20436621e-08
-0.291143626
0.289370745
-0.512861609
0.0662503541
-0.0326447263
0.0395520702
0.89505738
1.6874532e-08
2.132162e-08
1.77779889e-08
-1.34669897e-09
-2.83588819e-09
-8.16540968e-09
6.10903494e-10
7.43653317e-09
-2.73871412e-11
-1.15562502e-08
-4.59084992e-09
1.10683986e-08
-2.2700429e-10
-4.93122032e-09
-2.41039988e-09
2.63803845e-09
-7.28135108e-10
-0.283626229
0.286445439
-0.490910292
0.0669178143
-0.0302228481
0.0407820717
0.894824743
-6.05595707e-09
5.21211696e-09
1.27662014e-08
2.83759971e-09
-1.94252436e-09
9.7059516e-09
-1.0531056e-09
4.77269246e-09
-1.10334373e-08
1.32903617e-08
2.35292963e-09
-3.83352505e-09
3.59496033e-09
1.71492758e-08
1.73947079e-08
1.0289062e-08
-5.78178783e-10
-0.275858521
0.296493053
-0.466455638
0.0667222887
-0.0293073095
0.0374448039
0.897674322
2.82694153e-08
1.26090818e-08
2.13917972e-09
-1.23517179e-08
-1.47625387e-08
-1.77007031e-08
-9.40595601e-09
1.4201289e-08
-9.84189508e-10
-9.95872984e-09
2.43718956e-09
-1.83375004e-08
1.35351268e-08
1.52637103e-08
-4.05384792e-09
4.95737495e-09
1.50466306e-08
-0.256528646
0.267977595
-0.442802072
0.0646449998
-0.030412348
0.0375382863
0.898723423
-1.9120503e-09
2.50789824e-08
2.37438985e-10
2.31455282e-08
5.68833958e-09
3.14001847e-09
3.32027383e-09
1.39416994e-08
1.45948436e-08
3.28509775e-09
1.84890236e-08
-7.37028349e-09
1.50760737e-08
6.15196338e-09
-1.66425398e-08
1.0191636e-08
3.41130879e-09
-0.255809754
0.264737546
-0.438524812
0.0626719296
-0.0279253796
0.0397787504
0.896293461
-1.40466403e-08
-7.06781256e-09
1.64002731e-08
3.77604703e-09
-1.46323034e-08
4.60337501e-09
-2.33162503e-08
5.93201799e-09
2.08269526e-08
1.44896983e-09
7.08105707e-09
6.62668365e-10
2.11714646e-08
-6.62021415e-09
-4.56204052e-09
9.43888168e-09
-1.51246482e-08
-0.244744673
0.263189107
-0.414349139
0.0623229854
-0.0216854531
0.0397192985
0.89447391
1.19169137e-08
1.48973645e-09
3.40093358e-08
-2.10089066e-08
9.38667011e-09
5.04416331e-09
2.90926163e-08
1.51669042e-08
2.09392903e-09
1.02634763e-08
-4.24817381e-09
-1.29004487e-08
-1.18957422e-08
-1.32250193e-08
8.50768433e-09
3.52880991e-09
1.82388096e-08
-0.237999782
0.269361824
-0.394271821
0.0643417686
-0.0205610599
0.0392937623
0.895919681
2.02144523e-08
-2.81826953e-08
-2.47828114e-09
5.76890535e-09
9.69426317e-10
-1.0316211e-08
-5.41013723e-09
1.44019436e-08
2.86663449e-09
8.76548345e-09
1.12429692e-08
1.67557328e-08
-4.51495108e-09
4.22726831e-09
-3.33622574e-09
1.2007165e-08
2.08600781e-08
-0.226984784
0.244660497
-0.365697294
0.0679062381
-0.0183687788
0.0350345224
0.893779695
1.57800581e-08
2.49391796e-09
1.44862495e-08
-1.67701186e-09
8.45123083e-09
8.71252936e-09
6.72468259e-09
1.11967973e-08
1.0660977e-08
-8.73226558e-09
1.58637494e-08
-6.91205981e-09
1.43782914e-08
1.12033103e-08
1.62754006e-08
1.05454889e-08
7.46626672e-09
-0.227428168
0.249402732
-0.351395726
0.0686018243
-0.0165770352
0.0349184237
0.89478296
3.99397981e-09
1.77190227e-08
-1.20184565e-08
1.13407728e-09
1.2250478e-08
6.28232633e-10
8.14059398e-09
-1.30298133e-10
1.05173532e-08
-2.00099226e-08
1.66434111e-09
-9.16505805e-09
1.38672362e-08
6.29839247e-09
1.99501375e-08
1.60866804e-08
1.65347451e-08
-0.221255451
0.249181077
-0.340076715
0.0667165592
-0.0131194619
0.0372891836
0.896167755
1.66884659e-10
5.08898079e-09
7.78283571e-09
-1.30116211e-08
9.39384304e-09
-2.07067963e-08
1.60571876e-08
-2.05528519e-08
1.36867184e-08
9.29225585e-09
4.53494557e-08
2.74015228e-08
-2.62300013e-08
2.71453118e-08
1.17816112e-08
-1.30547448e-08
8.94361385e-09
-0.214381814
0.244396076
-0.320314139
0.0666977018
-0.0156543162
0.0365626961
0.894638062
2.20911343e-08
3.49104257e-09
6.17253759e-09
2.40823059e-08
-7.13955028e-09
1.11661818e-08
2.72551173e-08
-1.26483783e-08
3.33514443e-08
1.83454105e-08
-2.02622541e-09
-1.78262705e-09
1.24703714e-08
6.35722863e-10
1.7358202e-08
-9.25419352e-10
-1.73467751e-09
-0.208795607
0.208926573
-0.293170094
0.0657938793
-0.016594138
0.0339073129
0.894268095
1.51965351e-09
-1.31232225e-08
3.0454725e-08
2.09662705e-08
9.02023167e-09
7.89328602e-09
1.76069437e-10
2.01453565e-09
-5.20160182e-09
1.48131152e-08
-2.97856451e-09
-6.31345731e-09
5.2511715e-09
-8.12240231e-09
1.57753703e-08
1.64602536e-08
5.72530645e-09
-0.211234555
0.210886434
-0.28485167
0.0655573606
-0.018050367
0.0343194604
0.893821776
8.48113313e-09
2.129004e-08
1.2420478e-08
1.09117577e-08
-1.07495506e-08
-5.36129807e-09
1.28321291e-08
-7.44856488e-09
5.73814951e-09
-3.19183591e-09
-1.97286312e-08
-2.91755864e-08
1.15678906e-08
1.81402253e-08
-1.07479448e-09
2.48945113e-08
7.36436778e-09
-0.206463739
0.19841601
-0.283142149
0.0642060637
-0.0181662273
0.0346197262
0.893497586
7.41160644e-09
-1.16062688e-08
1.34414062e-08
-5.4696585e-09
-1.53719331e-08
9.95894567e-09
1.4559844e-08
-1.49139634e-08
-4.97832815e-08
-1.19450787e-08
-1.23856827e-08
-6.85949209e-09
7.35718997e-09
5.73479131e-09
2.9281258e-10
2.13048441e-08
1.59789852e-08
-0.205977336
0.192511588
-0.270961285
0.0648249462
-0.0189844575
0.0338139161
0.893829465
-1.41767194e-08
1.37969831e-08
1.4553887e-08
1.20692141e-08
1.50362016e-08
1.49825592e-08
-1.59658597e-08
1.3051543e-08
-1.71035175e-09
1.15233592e-08
-9.51294865e-09
3.93255384e-09
-2.7269238e-09
1.1855664e-08
-1.62802554e-08
3.4311185e-09
7.78497711e-09
-0.213473141
0.212231278
-0.278460711
0.0635456741
-0.0183793232
0.0374224335
0.893398464
8.84585738e-09
-2.23036718e-08
1.53856057e-08
-1.03211137e-08
3.82690457e-09
-8.91716745e-09
4.04742551e-09
-5.89334981e-09
2.83205868e-08
1.75083037e-09
2.48197463e-08
7.47091167e-10
-1.02602246e-10
5.39448308e-09
8.46630932e-10
-3.56736307e-09
1.36482807e-08
-0.216298327
0.225216806
-0.2880826
0.0564612821
-0.0163493995
0.0451556556
0.895210445
1.5120996e-08
5.50097035e-09
3.25185958e-08
8.1754008e-09
4.45366188e-10
-9.65087454e-10
1.40825875e-08
1.57281637e-08
3.1094427e-09
-1.4164746e-09
3.20273452e-09
-5.20295851e-09
6.02082606e-09
-9.52777413e-09
4.40356951e-09
1.04711422e-08
6.98885039e-09
-0.23009558
0.247300401
-0.281110585
0.0601229444
-0.0176568758
0.0440333411
0.896229029
-1.2260176e-08
7.16860349e-09
-2.263701e-09
2.44331435e-08
9.56199742e-09
-6.54206023e-09
2.09238298e-08
1.06437454e-08
3.26573124e-09
7.87929455e-09
1.17828662e-08
-9.59218749e-09
2.17836149e-08
9.08666531e-10
-2.80785551e-11
3.6629384e-09
2.23893561e-08
-0.225149542
0.24838762
-0.272191256
0.0610972196
-0.0175595731
0.0440333523
0.894668877
4.29534364e-09
6.01576433e-09
1.51952506e-09
7.44116724e-09
1.26672752e-08
-1.24623056e-09
-4.03302725e-09
-6.0214842e-09
1.5825508e-08
2.41323406e-09
1.71781842e-08
1.8152372e-08
2.1853614e-08
-2.23079089e-09
8.0887963e-09
1.19819923e-08
2.82772259e-08
-0.230782092
0.274844974
-0.28266257
0.0610258207
-0.0190644432
0.046738334
0.895977318
1.32948639e-08
1.24831638e-08
9.3365653e-09
1.87967775e-08
9.12773235e-09
5.36567279e-09
2.30131603e-09
-4.33893543e-09
1.95551753e-08
2.09236521e-08
-5.71080072e-09
-6.31131902e-09
-1.45314649e-08
-5.37368194e-09
-1.23298827e-09
6.95464131e-09
-1.20018946e-08
-0.220675468
0.294149816
-0.283002287
0.0545409545
-0.0165638868
0.0525278077
0.89324218
-8.56018545e-09
2.24188512e-09
-5.91478466e-09
-1.16923049e-08
5.77907722e-09
1.44028034e-08
-2.48067367e-09
3.56595686e-09
6.54686794e-09
1.93994136e-08
-5.35820111e-10
8.31159941e-09
2.16493756e-08
-2.75241185e-09
7.92930521e-09
-1.33784965e-08
8.08122813e-09
-0.224004954
0.326735139
-0.279565424
0.0580685474
-0.0166439842
0.0546408147
0.896213889
2.0815234e-08
2.80528525e-08
1.62652847e-09
1.10778906e-08
3.29940986e-09
2.84579627e-09
1.38503129e-08
8.09629164e-09
1.76304693e-09
-7.0137407e-09
1.5577668e-09
3.04834735e-09
-1.00237889e-08
5.50133405e-09
2.99176106e-09
1.98799803e-08
7.29223437e-09
-0.212702066
0.332873851
-0.270388603
0.0597246215
-0.0156797897
0.053278435
0.894867361
1.46193653e-08
1.53044466e-09
-3.55188479e-09
4.51581084e-09
-2.83885715e-09
1.0714067e-08
6.92568358e-09
1.3592012e-08
-1.4941854e-08
-2.36197657e-08
1.06869438e-08
2.09402473e-09
-3.6158978e-09
1.95006251e-08
-3.97831101e-09
-3.12470799e-10
-5.72500003e-09
-0.210504368
0.351663709
-0.2701056
0.0617003739
-0.0165666807
0.0570144132
0.89468044
3.20392224e-09
-6.50929666e-09
4.28174918e-09
-2.65234834e-09
-2.28057617e-09
-8.38646397e-09
-1.00721875e-08
1.85912103e-08
-8.35330027e-09
-1.72118764e-08
-1.7327773e-08
-2.13157421e-08
-9.79101511e-09
1.43158707e-09
-4.94834973e-09
-1.04813458e-09
-2.14313669e-08
-0.206055388
0.37465924
-0.272190958
0.0567003153
-0.0128158471
0.060966365
0.898109913
5.87612403e-10
6.87168211e-10
-8.85011708e-09
1.02686037e-08
1.22539823e-09
-1.13926362e-08
3.35711126e-09
-1.04398901e-09
1.15700693e-09
1.50981148e-08
-1.88935161e-08
3.20154636e-09
4.01050215e-09
2.57643529e-09
-4.19235237e-11
-1.54886344e-08
1.0180885e-09
-0.210504279
0.392090082
-0.267005265
0.0581839643
-0.0120741157
0.0622714236
0.898029804
-1.23227348e-08
-9.54931967e-11
1.43839456e-08
2.37065247e-08
-2.82050783e-09
-8.38318304e-09
-1.65606071e-08
-1.17912498e-08
1.05879687e-08
7.7767579e-09
-1.49258317e-09
9.91005944e-10
-7.76380737e-09
1.53185358e-08
2.6107787e-09
1.29950637e-08
1.91285547e-08
-0.197162896
0.363057882
-0.244496122
0.0600306131
-0.0124045415
0.0598270595
0.897018969
-1.10173817e-08
-1.32524214e-08
5.49444223e-09
-2.18142961e-08
2.27158008e-08
8.61293348e-09
-1.83240234e-09
9.70819336e-09
6.87716506e-09
3.03076959e-08
3.00892573e-08
-7.90017562e-09
3.07462411e-09
-1.67940808e-08
-8.31623037e-09
-2.21748042e-08
-9.83708937e-09
-0.189227059
0.367199272
-0.226446614
0.0607730336
-0.00973017234
0.0584250502
0.894939959
1.78770811e-08
2.32702142e-08
1.15388932e-09
3.97618516e-09
9.69497993e-09
-8.18867085e-10
1.70276168e-10
-1.32043954e-09
-1.98016115e-09
1.04539897e-08
-1.71698424e-08
1.8287988e-08
-4.44753878e-09
-6.23457908e-09
1.09468843e-08
2.1527029e-09
8.91149909e-09
-0.157246113
0.373422056
-0.213714987
0.0573116392
-0.00733260671
0.0634979308
0.892296433
1.35647555e-08
-1.43306842e-08
1.94694341e-08
2.17754099e-08
9.42959155e-10
-5.32772537e-09
2.70844538e-08
-1.6883984e-08
-4.53345184e-09
2.34823627e-08
-2.17629292e-08
-1.10267768e-08
-1.1235449e-08
1.55260942e-08
9.83677051e-09
8.76963835e-09
1.48390429e-08
