vla: arch = evo1
vla(evo1): lm=896d×14L (14q/2kv×64) inter=4864  embed=896 dit=8L×8h  horizon=50 per_a=24 N_steps=32  resident matmul=BF16
vla(evo1): backend = CUDA (device 0)
vla(evo1): weights resident in 1.20 GiB (bf16) - incl. InternViT vision tower
action_len=1200
-0.245360941
0.319027513
-0.462719172
0.0765316784
-0.0540977828
0.0470346697
0.891177654
-1.53372319e-08
-2.07401278e-08
5.94483529e-09
-5.95434768e-09
8.91400642e-09
-2.0677037e-08
6.86376689e-09
8.21421331e-09
5.62895375e-09
-1.21250663e-08
3.40315616e-08
1.38772966e-08
-8.96352148e-09
1.95494909e-08
2.96808338e-08
-5.13041609e-09
-5.44352874e-09
-0.234119803
0.293701321
-0.466581792
0.0776029155
-0.0467836708
0.0443461575
0.890457153
2.66463989e-08
1.59954761e-09
7.45923412e-09
-1.56746189e-08
6.2715827e-10
-1.00929558e-08
5.18182475e-09
3.88903176e-09
1.69870464e-08
-1.0963368e-09
2.33019737e-08
1.10179013e-08
3.42479933e-09
4.15420498e-09
1.37875729e-08
1.04288789e-09
1.70197652e-08
-0.244851261
0.297667414
-0.48435542
0.0783882141
-0.0472395308
0.0436014198
0.888961196
1.54036943e-08
1.15663497e-08
3.48018125e-09
1.9480396e-08
-1.48383297e-08
2.36193678e-08
-1.1955037e-08
-5.85069415e-09
-1.20552395e-08
1.55081263e-08
-2.41523939e-08
2.02539887e-08
4.4715609e-09
3.12177018e-09
2.79576207e-09
-1.52061463e-09
-1.25415696e-08
-0.253943443
0.313258648
-0.49347046
0.0752195641
-0.045835305
0.0455323346
0.891115844
-9.21490773e-10
6.85579726e-09
6.75324463e-09
1.03365929e-08
-4.51914017e-09
8.27459878e-09
1.7404842e-09
7.36556505e-09
-7.85771626e-09
1.44108103e-08
1.06967351e-08
8.80637963e-09
3.51387319e-09
1.89200957e-08
7.90525068e-09
3.07418873e-08
1.38874849e-08
-0.252935171
0.317235231
-0.494603306
0.0718046352
-0.0450136214
0.0425379761
0.8924613
1.61333683e-10
1.89610372e-08
1.56309135e-08
1.88014293e-09
6.62685151e-09
-2.40545202e-08
1.08353493e-09
2.28132411e-08
9.72568159e-09
6.9888384e-10
1.14209069e-08
7.77903519e-09
4.32153646e-09
1.60127573e-08
-8.17714696e-09
1.68220371e-08
5.76379966e-09
-0.249813095
0.300225735
-0.489092708
0.0706674233
-0.0429622568
0.0398545414
0.891922951
2.15283595e-08
2.68006795e-09
5.88739146e-09
1.32356544e-08
9.95358462e-09
2.03191881e-08
2.48602774e-08
2.09313455e-08
1.09902389e-08
-9.05876263e-09
-2.00093031e-09
1.02046549e-08
-7.23197235e-09
1.17692842e-08
2.50916745e-08
-1.46312712e-10
8.67785399e-09
-0.246667281
0.304526716
-0.485201091
0.0714028254
-0.0385879353
0.0367566198
0.892333448
7.81444065e-09
8.57913918e-09
8.65501804e-09
5.39737677e-09
-1.52324535e-08
1.78147666e-08
-1.47154922e-09
-1.01351096e-08
3.43390705e-10
-5.73415893e-09
1.74311232e-08
1.53730362e-09
8.03973865e-09
-3.14751447e-09
2.65511026e-08
1.37313929e-08
1.25664883e-08
-0.237968966
0.30364868
-0.469096959
0.0719874799
-0.0329968445
0.0352227725
0.890622497
2.09630091e-08
5.70770142e-09
-8.29967739e-09
2.23678356e-08
2.01659365e-08
-6.05149486e-09
-6.64947042e-10
1.10115526e-08
-7.75036213e-09
2.48259724e-09
2.4825745e-08
-5.54237856e-09
2.49156979e-08
2.41880773e-08
1.88746512e-08
3.85329768e-09
6.44515863e-09
-0.227713704
0.307216197
-0.442623645
0.0732558742
-0.0299512483
0.0320086405
0.891422451
9.08154618e-09
2.41020732e-08
1.63720291e-08
2.45454217e-08
-3.83569709e-09
-1.61126845e-08
1.38893235e-08
1.27963711e-08
1.11419709e-08
1.511488e-08
4.10077057e-08
-8.04101674e-09
4.92313568e-09
2.45877843e-08
1.13935128e-08
1.15058185e-08
8.37357383e-09
-0.214868128
0.273290902
-0.418422937
0.0744555965
-0.0295729619
0.0259590466
0.890437841
1.7871292e-08
5.15985199e-10
-1.23474226e-08
1.94596353e-10
8.01052202e-09
7.15255702e-11
2.76039742e-08
1.55345212e-08
1.13049765e-08
1.91569889e-08
7.50564499e-09
6.74216594e-09
5.36555644e-09
7.21622806e-09
1.00047979e-08
7.35266825e-09
1.21902932e-08
-0.222968861
0.270017594
-0.423142672
0.0741066635
-0.0296721421
0.0281331912
0.89196074
2.06107345e-08
-1.62793992e-08
-1.23066295e-08
1.84469666e-08
8.66754335e-10
9.54126822e-09
9.77393189e-09
1.56389355e-08
-3.48193097e-09
-2.76412365e-10
2.51369175e-10
-2.00145127e-08
1.38159297e-08
4.52469706e-09
2.81432886e-08
-9.67274882e-09
1.03498241e-08
-0.224363893
0.278552592
-0.427275807
0.0720752701
-0.0279496592
0.0318018459
0.890590549
1.94092813e-08
1.32841e-08
1.65222893e-08
-6.43670534e-12
9.36585476e-09
2.56413379e-08
4.67168215e-09
-1.29194149e-08
-1.72047141e-08
-6.75903067e-09
2.05303312e-08
-7.98387523e-10
1.17945875e-08
2.48908218e-08
-1.97260785e-09
9.75145742e-10
-1.08975529e-09
-0.239017874
0.287375897
-0.438716978
0.0708747059
-0.029329652
0.0323514938
0.893482089
7.41148209e-09
-3.3071576e-10
-7.40187645e-09
2.299827e-08
1.41063401e-08
5.58334978e-09
-1.29335129e-08
-3.09228354e-09
6.05567507e-09
5.58180435e-09
1.13021823e-08
9.44747303e-09
8.63562821e-09
-1.11769198e-08
1.04154187e-08
3.7175425e-09
2.21424479e-08
-0.243552342
0.270655036
-0.452556163
0.0701978803
-0.0298117325
0.0292163137
0.894171476
9.49348777e-09
2.16305711e-08
2.25592256e-08
1.11621734e-08
3.17425162e-08
-1.6119367e-09
-1.36705314e-08
3.0720877e-09
1.93155199e-08
2.10387512e-08
-5.85753313e-09
-7.18290583e-09
1.01741877e-08
8.47444248e-09
1.03392024e-08
1.77967472e-08
1.32764324e-08
-0.254057676
0.288224071
-0.472197026
0.0706292316
-0.0326489843
0.0312818959
0.895138562
1.86092586e-09
7.03547709e-09
-1.7610569e-08
9.35478983e-09
-8.78617623e-09
-6.67295441e-10
5.79940496e-09
-1.23404673e-08
5.8132148e-09
-4.07966383e-10
7.19095317e-09
3.25080785e-09
-6.18529805e-09
-7.67306929e-09
-9.1466319e-09
-2.70639666e-09
-2.27638175e-08
-0.264988124
0.311003029
-0.503723502
0.0708863214
-0.0317458995
0.0346595272
0.896276236
-4.77227546e-09
-1.02567972e-08
-4.4341486e-09
1.48704853e-08
1.87905496e-08
1.22971899e-08
6.50102372e-09
3.26851257e-08
1.16889138e-08
1.93354168e-08
7.04510938e-09
2.95349567e-09
1.37977505e-08
-6.36544462e-09
2.10602402e-09
3.21389138e-10
1.70615468e-08
-0.28146109
0.342215776
-0.515497029
0.0711913034
-0.03484191
0.034097407
0.895187974
7.51643547e-09
1.95485947e-10
-1.97722461e-08
3.57448671e-09
9.89678561e-09
-2.22439761e-10
1.05152669e-08
3.78364433e-08
-8.49128234e-09
-2.45292298e-09
1.64664282e-08
9.97433691e-09
-1.63832112e-08
9.55364854e-09
1.13060272e-08
-1.80118889e-08
1.136282e-08
-0.296174169
0.329906017
-0.539574027
0.0714095905
-0.0381426103
0.0363713875
0.893242657
1.76404438e-08
2.57291699e-08
2.12364282e-09
2.31633717e-08
1.35478695e-08
-1.55322433e-09
1.49609356e-08
4.08991863e-09
8.1125201e-10
-1.97663361e-08
-2.99305736e-09
-4.94444974e-09
1.6527169e-08
1.63667231e-08
-9.00654218e-09
1.30942706e-08
-1.04639435e-08
-0.300566524
0.327244908
-0.551154077
0.0690054446
-0.0391449071
0.0419759229
0.893896163
2.67034683e-09
1.44059022e-08
2.14339764e-08
1.37607037e-09
-5.48991697e-09
-1.22201538e-08
4.39656356e-09
-1.51006034e-08
2.25934755e-08
6.86944857e-09
-4.55971039e-09
7.37604811e-10
1.53072985e-08
1.03247233e-08
3.14522675e-09
2.07592414e-08
5.64875879e-09
-0.305871785
0.328248054
-0.546027541
0.0699800998
-0.0381826423
0.043252103
0.892676294
1.3677707e-08
-9.07790909e-09
2.48454697e-08
7.25418337e-12
1.45848382e-08
-1.43137289e-08
2.7362189e-08
-3.85795484e-09
1.20323067e-08
1.89677802e-08
1.4800646e-08
8.90650753e-09
-5.77879566e-09
9.32756983e-09
8.55543636e-10
8.64234284e-09
1.22859873e-08
-0.29368031
0.299542367
-0.528944194
0.0690341517
-0.0368239917
0.0399302617
0.892614305
-1.72697643e-08
-3.48408458e-09
1.05640012e-08
-4.62936445e-09
1.63268954e-08
3.23339648e-08
3.88144983e-09
-3.96536803e-09
1.62635843e-08
1.22172192e-08
7.39315098e-09
-8.74927952e-09
8.49289616e-09
-1.00638662e-08
-2.87834503e-08
1.95080361e-08
1.20265842e-08
-0.293338567
0.291996539
-0.516776621
0.0671504214
-0.0324945152
0.0397679731
0.895900428
1.68654886e-08
2.12677058e-08
1.776068e-08
-1.33324618e-09
-2.82716095e-09
-8.11535017e-09
6.07672357e-10
7.39840988e-09
1.43051153e-13
-1.14972361e-08
-4.57509675e-09
1.11068204e-08
-1.96798439e-10
-4.93062657e-09
-2.39084841e-09
2.62956434e-09
-7.24263205e-10
-0.285416931
0.289231598
-0.491921484
0.0666411519
-0.0303498171
0.0407666117
0.895670831
-6.06355055e-09
5.22143662e-09
1.27741231e-08
2.81511503e-09
-1.94543714e-09
9.69256853e-09
-1.05303466e-09
4.75761297e-09
-1.10290763e-08
1.33041835e-08
2.35314612e-09
-3.83022325e-09
3.5787886e-09
1.71245649e-08
1.74059611e-08
1.03022053e-08
-5.70077319e-10
-0.278407961
0.300114095
-0.469121993
0.0664631501
-0.029658284
0.0380940549
0.898554206
2.8230243e-08
1.26170026e-08
2.14375939e-09
-1.23363622e-08
-1.47272239e-08
-1.76441759e-08
-9.41632639e-09
1.41883225e-08
-9.65920677e-10
-9.96345317e-09
2.43053888e-09
-1.83127256e-08
1.35148897e-08
1.52647441e-08
-4.06111589e-09
4.96010655e-09
1.49969779e-08
-0.259328783
0.272227377
-0.445691884
0.0648730397
-0.0298493523
0.0376449749
0.89515686
-1.90651295e-09
2.50802614e-08
2.44775117e-10
2.31332837e-08
5.71392e-09
3.1709062e-09
3.35808092e-09
1.39338621e-08
1.45773047e-08
3.27338334e-09
1.84590832e-08
-7.35967864e-09
1.50798378e-08
6.17108098e-09
-1.66289613e-08
1.01632516e-08
3.40016593e-09
-0.257977635
0.268933505
-0.438789159
0.061407648
-0.028019486
0.0394740328
0.898244083
-1.39692977e-08
-7.00836278e-09
1.63988272e-08
3.78178378e-09
-1.45694568e-08
4.61933647e-09
-2.32279636e-08
5.92059068e-09
2.08107078e-08
1.49013335e-09
7.06759362e-09
6.51504684e-10
2.12190159e-08
-6.59719213e-09
-4.55060611e-09
9.4529069e-09
-1.5049789e-08
-0.247013003
0.265308529
-0.415264577
0.0630425438
-0.021320615
0.0399102233
0.89656812
1.18837544e-08
1.51067669e-09
3.39391875e-08
-2.09335642e-08
9.3893755e-09
5.0580149e-09
2.89909412e-08
1.51454191e-08
2.08843409e-09
1.02754862e-08
-4.2136703e-09
-1.28266855e-08
-1.18493677e-08
-1.3228874e-08
8.53007975e-09
3.53023144e-09
1.8222222e-08
-0.238246545
0.2716254
-0.396647692
0.0647719726
-0.020943597
0.0397351049
0.896354675
2.01875832e-08
-2.81909127e-08
-2.46128207e-09
5.81348969e-09
9.90519555e-10
-1.03094457e-08
-5.43238032e-09
1.43714161e-08
2.83267965e-09
8.75736106e-09
1.12264802e-08
1.67479293e-08
-4.52484228e-09
4.18043866e-09
-3.27696914e-09
1.19707337e-08
2.07787245e-08
-0.227987126
0.246261999
-0.369932175
0.0680581257
-0.0189447589
0.0355518721
0.89248085
1.57634155e-08
2.49614662e-09
1.44464831e-08
-1.68323455e-09
8.45244141e-09
8.70187566e-09
6.71301503e-09
1.11948104e-08
1.06482627e-08
-8.66631122e-09
1.58642521e-08
-6.9149686e-09
1.43481627e-08
1.11772689e-08
1.62633782e-08
1.05198739e-08
7.44190443e-09
-0.227779478
0.251136124
-0.354687721
0.0682497397
-0.0163220912
0.0353446454
0.893916667
3.99939148e-09
1.77159247e-08
-1.20136141e-08
1.14437604e-09
1.22303661e-08
6.10520856e-10
8.17349921e-09
-1.20892518e-10
1.0503868e-08
-1.99563761e-08
1.68333203e-09
-9.14059761e-09
1.38307019e-08
6.32239194e-09
1.99292316e-08
1.60981042e-08
1.65186922e-08
-0.222617075
0.252052903
-0.341020525
0.0673736632
-0.0132384012
0.0380017683
0.897749782
1.62855382e-10
5.08605202e-09
7.73707054e-09
-1.30456019e-08
9.39371247e-09
-2.06867856e-08
1.60333791e-08
-2.04572572e-08
1.36658729e-08
9.27605104e-09
4.52943212e-08
2.73663066e-08
-2.61783555e-08
2.71315557e-08
1.1749516e-08
-1.30013076e-08
8.92126018e-09
-0.217439339
0.248556539
-0.32228145
0.0661569536
-0.014825644
0.0373147391
0.89614588
2.20356817e-08
3.46744167e-09
6.18675333e-09
2.40441889e-08
-7.10882553e-09
1.1148706e-08
2.72123959e-08
-1.26103767e-08
3.3289016e-08
1.83744771e-08
-2.00828487e-09
-1.71703041e-09
1.24590711e-08
6.76453726e-10
1.7365096e-08
-9.29666732e-10
-1.69292036e-09
-0.207900196
0.211892605
-0.295923054
0.0656356141
-0.0165702216
0.0352188833
0.895801544
1.54096425e-09
-1.30876732e-08
3.04281436e-08
2.09306208e-08
9.03668695e-09
7.88021914e-09
1.96051897e-10
2.03114725e-09
-5.24008748e-09
1.47606958e-08
-2.93776448e-09
-6.31135944e-09
5.27799671e-09
-8.13106293e-09
1.58013922e-08
1.64423195e-08
5.73813663e-09
-0.211217135
0.212171823
-0.285780489
0.0651986748
-0.017714005
0.0348435938
0.893984437
8.46779447e-09
2.12646807e-08
1.24618742e-08
1.09066018e-08
-1.07224203e-08
-5.3043423e-09
1.27794362e-08
-7.44882467e-09
5.73020964e-09
-3.14713833e-09
-1.9695344e-08
-2.91905504e-08
1.15786634e-08
1.8141094e-08
-1.06235443e-09
2.48543852e-08
7.33350847e-09
-0.204203993
0.197878972
-0.282088548
0.063834168
-0.0186942033
0.0358609147
0.894866645
7.39893746e-09
-1.1587046e-08
1.34112916e-08
-5.4336442e-09
-1.53731463e-08
9.9284172e-09
1.4571393e-08
-1.48808761e-08
-4.97956982e-08
-1.19426442e-08
-1.23341657e-08
-6.8545245e-09
7.35270378e-09
5.76389469e-09
3.25130534e-10
2.12684945e-08
1.59670055e-08
-0.206376925
0.193032414
-0.269679576
0.0640331656
-0.019143533
0.0342437439
0.894227386
-1.4176079e-08
1.3769955e-08
1.44901309e-08
1.20759198e-08
1.50241188e-08
1.49209267e-08
-1.5926668e-08
1.30125919e-08
-1.67512415e-09
1.14937659e-08
-9.45417877e-09
3.9634962e-09
-2.68430167e-09
1.18133547e-08
-1.62498015e-08
3.38724804e-09
7.77849607e-09
-0.214828581
0.212609977
-0.278050929
0.0640788078
-0.0190510079
0.0380101092
0.89514482
8.85465479e-09
-2.23439862e-08
1.53379496e-08
-1.03080424e-08
3.8512078e-09
-8.94821373e-09
4.05751521e-09
-5.85335025e-09
2.82225656e-08
1.74721093e-09
2.47889176e-08
7.37268024e-10
-5.12760875e-11
5.40258638e-09
8.31151314e-10
-3.58585295e-09
1.36157405e-08
-0.218392625
0.224960878
-0.286653817
0.0561434962
-0.0162704103
0.0456479043
0.895510435
1.51172728e-08
5.475981e-09
3.24852003e-08
8.14529066e-09
4.32590241e-10
-9.53576551e-10
1.40555079e-08
1.56804738e-08
3.13183923e-09
-1.37178302e-09
3.2495735e-09
-5.17141441e-09
6.02024253e-09
-9.49451717e-09
4.42989512e-09
1.04833093e-08
6.97791469e-09
-0.230609193
0.249397054
-0.281919003
0.0601397753
-0.0176047627
0.0446480177
0.89731437
-1.21860655e-08
7.17387971e-09
-2.25689467e-09
2.44029952e-08
9.56865698e-09
-6.54619692e-09
2.09025774e-08
1.0624654e-08
3.26464855e-09
7.84466536e-09
1.17540768e-08
-9.560301e-09
2.17549498e-08
9.357497e-10
-8.98838035e-12
3.67412301e-09
2.23792007e-08
-0.224659815
0.248141646
-0.274807751
0.0608048663
-0.0172572508
0.0451584868
0.895257413
4.30034008e-09
6.0155787e-09
1.5488818e-09
7.46518847e-09
1.26387469e-08
-1.26045885e-09
-4.04324174e-09
-5.97761618e-09
1.58515974e-08
2.40993381e-09
1.7135239e-08
1.81070412e-08
2.18789413e-08
-2.22415086e-09
8.05911871e-09
1.19513262e-08
2.83206081e-08
-0.231465667
0.277380943
-0.284651488
0.061033193
-0.0193804856
0.0485621616
0.896212876
1.3265808e-08
1.2481137e-08
9.34200006e-09
1.88000779e-08
9.11396647e-09
5.36783862e-09
2.30068498e-09
-4.35964997e-09
1.95025613e-08
2.08455422e-08
-5.70909364e-09
-6.30777341e-09
-1.45063606e-08
-5.36561506e-09
-1.23323562e-09
6.9480981e-09
-1.19932091e-08
-0.221881881
0.298754603
-0.285275042
0.0541497096
-0.0176858194
0.0539219305
0.895383656
-8.53244764e-09
2.21416174e-09
-5.90176796e-09
-1.1700636e-08
5.76815173e-09
1.43821861e-08
-2.44927345e-09
3.57015706e-09
6.49380105e-09
1.9388942e-08
-5.46085843e-10
8.27786106e-09
2.16030642e-08
-2.73779155e-09
7.93966581e-09
-1.32993669e-08
8.07099276e-09
-0.223342314
0.331506133
-0.281823069
0.0574353561
-0.0165390875
0.0565970093
0.895318508
2.08270325e-08
2.7961816e-08
1.64386238e-09
1.10842615e-08
3.28578387e-09
2.86272384e-09
1.38620031e-08
8.08554912e-09
1.76687986e-09
-6.93678714e-09
1.57412705e-09
3.07817549e-09
-1.00494297e-08
5.44922685e-09
2.98265812e-09
1.98506047e-08
7.30224015e-09
-0.214215398
0.336711228
-0.269848555
0.0595039241
-0.0152249178
0.0546024032
0.895718753
1.46235344e-08
1.50911394e-09
-3.53481955e-09
4.53162707e-09
-2.83243717e-09
1.07491216e-08
6.92215529e-09
1.35278162e-08
-1.48830885e-08
-2.35790463e-08
1.06795337e-08
2.08941486e-09
-3.58619268e-09
1.94643626e-08
-3.9937551e-09
-3.39741707e-10
-5.69691183e-09
-0.210851505
0.352741778
-0.268948197
0.0617181286
-0.0165901612
0.0584484935
0.896591842
3.21246296e-09
-6.49399157e-09
4.27973834e-09
-2.68852163e-09
-2.28378649e-09
-8.34447622e-09
-1.00739026e-08
1.85831954e-08
-8.31000779e-09
-1.71973511e-08
-1.72879115e-08
-2.11789466e-08
-9.790047e-09
1.44024725e-09
-4.9366955e-09
-1.05251308e-09
-2.13394973e-08
-0.207019582
0.375890464
-0.271216035
0.0562643223
-0.0129692471
0.0629133955
0.899161696
5.48899759e-10
7.12113701e-10
-8.80321238e-09
1.03045217e-08
1.2419602e-09
-1.14149232e-08
3.37501271e-09
-1.02798225e-09
1.11818255e-09
1.50531303e-08
-1.88626927e-08
3.22692584e-09
4.03767064e-09
2.60622546e-09
-1.21998783e-11
-1.54483679e-08
1.02470843e-09
-0.209629297
0.394659668
-0.266757131
0.0582401268
-0.01200822
0.0636702776
0.897338808
-1.23080168e-08
-9.63461394e-11
1.43759102e-08
2.36972753e-08
-2.77830958e-09
-8.33319191e-09
-1.65070748e-08
-1.1754687e-08
1.0608967e-08
7.77004949e-09
-1.45115076e-09
9.97115612e-10
-7.73355247e-09
1.53176067e-08
2.60590238e-09
1.30256286e-08
1.91672207e-08
-0.196855024
0.36621049
-0.24450022
0.0600255914
-0.0130417766
0.061743021
0.897197545
-1.09959304e-08
-1.32395712e-08
5.48638424e-09
-2.17113048e-08
2.27020909e-08
8.62621707e-09
-1.83937843e-09
9.70844649e-09
6.88780855e-09
3.02205656e-08
3.00968566e-08
-7.88236498e-09
3.08071524e-09
-1.67570899e-08
-8.29520008e-09
-2.21721628e-08
-9.81606263e-09
-0.187643334
0.369300216
-0.225325763
0.0615108274
-0.0102895331
0.0601904504
0.893286347
1.78336599e-08
2.32533299e-08
1.16973964e-09
3.97641253e-09
9.68337766e-09
-8.51660353e-10
1.8084198e-10
-1.32482825e-09
-1.96312544e-09
1.04967697e-08
-1.72284462e-08
1.82567614e-08
-4.42019443e-09
-6.19065155e-09
1.09353557e-08
2.16565588e-09
8.92941809e-09
-0.15857628
0.37415719
-0.21217443
0.0577763841
-0.00787994917
0.0648390278
0.890792906
1.35310856e-08
-1.42794159e-08
1.94876257e-08
2.17729266e-08
9.58381263e-10
-5.35122524e-09
2.7072673e-08
-1.68834084e-08
-4.50410598e-09
2.34231035e-08
-2.16533618e-08
-1.10283036e-08
-1.12463923e-08
1.55398485e-08
9.82070425e-09
8.78648798e-09
1.48173509e-08
