vla: arch = pi0
vla(pi0): hidden=2048 inter=16384 heads=8q/1kv x256 n_layers=18 expert_h=1024 expert_inter=4096 chunk=50 steps=10 real_state=8 real_action=7 matmul_weights=BF16
vla(pi0): backend = SYCL (device 0: Intel(R) Arc(TM) Pro B70 Graphics)
vla(pi0): resident weights = 5.06 GiB
vla(pi0): model loaded (n_threads=16)
action_len=1600
0.00263010338
0.0125957951
-0.0507630557
0.00147706177
0.0327589922
0.00232984358
0.996345222
0
0
0
0
0
0
0
0
0
0
0
0
0
0
0
0
0
0
0
0
0
0
0
0
0
-0.000337392092
0.00565620512
-0.0237988159
0.000725832768
0.029843498
-0.000947921537
1.00982344
0
0
0
0
0
0
0
0
0
0
0
0
0
0
0
0
0
0
0
0
0
0
0
0
0
-0.000617966056
0.00707485527
0.0594143942
7.13028712e-05
0.0188539065
-0.00153322099
-1.00212085
0
0
0
0
0
0
0
0
0
0
0
0
0
0
0
0
0
0
0
0
0
0
0
0
0
0.00350099429
0.00909519196
0.180960894
-0.000799020694
0.0105708912
-0.00661382824
-0.975839257
0
0
0
0
0
0
0
0
0
0
0
0
0
0
0
0
0
0
0
0
0
0
0
0
0
0.0274141319
-0.00231459737
0.302585095
-0.00104633765
0.0188216865
-0.011956688
-0.97641623
0
0
0
0
0
0
0
0
0
0
0
0
0
0
0
0
0
0
0
0
0
0
0
0
0
0.0691339523
-0.00915091485
0.398594141
-0.000780132425
0.0339795202
-0.0115766972
-0.987640738
0
0
0
0
0
0
0
0
0
0
0
0
0
0
0
0
0
0
0
0
0
0
0
0
0
0.105751052
-0.00776448101
0.4502469
-0.000547448464
0.0487246588
-0.0126571376
-0.992841005
0
0
0
0
0
0
0
0
0
0
0
0
0
0
0
0
0
0
0
0
0
0
0
0
0
0.137809098
-0.0132137239
0.479393572
0.00092651241
0.0621425025
-0.014990502
-0.98719883
0
0
0
0
0
0
0
0
0
0
0
0
0
0
0
0
0
0
0
0
0
0
0
0
0
0.150317371
-0.0341450125
0.505225241
0.010281059
0.0707534254
-0.0150678093
-0.978815258
0
0
0
0
0
0
0
0
0
0
0
0
0
0
0
0
0
0
0
0
0
0
0
0
0
0.155446857
-0.0623681098
0.524025261
0.0228807516
0.0734299123
-0.0145685971
-0.975137174
0
0
0
0
0
0
0
0
0
0
0
0
0
0
0
0
0
0
0
0
0
0
0
0
0
0.164620996
-0.0950524062
0.524585366
0.0353573784
0.0767973736
-0.0160864033
-0.971297264
0
0
0
0
0
0
0
0
0
0
0
0
0
0
0
0
0
0
0
0
0
0
0
0
0
0.180546016
-0.126098335
0.513123751
0.0471333265
0.0793993324
-0.0174906626
-0.969790995
0
0
0
0
0
0
0
0
0
0
0
0
0
0
0
0
0
0
0
0
0
0
0
0
0
0.194184273
-0.171812683
0.497527987
0.0598846823
0.0835893601
-0.0190965515
-0.987805426
0
0
0
0
0
0
0
0
0
0
0
0
0
0
0
0
0
0
0
0
0
0
0
0
0
0.203789234
-0.212939233
0.4874942
0.073901698
0.0900349021
-0.0211823396
-0.979649782
0
0
0
0
0
0
0
0
0
0
0
0
0
0
0
0
0
0
0
0
0
0
0
0
0
0.194031864
-0.255874157
0.478003711
0.0866761804
0.0927122533
-0.0232502259
-0.990540385
0
0
0
0
0
0
0
0
0
0
0
0
0
0
0
0
0
0
0
0
0
0
0
0
0
0.17759721
-0.315362573
0.461720496
0.0989509895
0.0918754414
-0.025613673
-0.994752824
0
0
0
0
0
0
0
0
0
0
0
0
0
0
0
0
0
0
0
0
0
0
0
0
0
0.164861485
-0.371872723
0.455658942
0.109169126
0.0894391164
-0.0247808974
-0.970455408
0
0
0
0
0
0
0
0
0
0
0
0
0
0
0
0
0
0
0
0
0
0
0
0
0
0.150520116
-0.41640991
0.43804422
0.115552247
0.0832294151
-0.0237092786
-0.976959169
0
0
0
0
0
0
0
0
0
0
0
0
0
0
0
0
0
0
0
0
0
0
0
0
0
0.128667787
-0.460289061
0.408799082
0.124122977
0.0750875026
-0.0213691108
-0.97802335
0
0
0
0
0
0
0
0
0
0
0
0
0
0
0
0
0
0
0
0
0
0
0
0
0
0.100913487
-0.497556925
0.366910279
0.132334366
0.0637066066
-0.0182461441
-0.968792081
0
0
0
0
0
0
0
0
0
0
0
0
0
0
0
0
0
0
0
0
0
0
0
0
0
0.0793257654
-0.522243381
0.31240356
0.138151199
0.0510357469
-0.0158491097
-0.988068104
0
0
0
0
0
0
0
0
0
0
0
0
0
0
0
0
0
0
0
0
0
0
0
0
0
0.0521842055
-0.534434676
0.258137137
0.144178241
0.0385234393
-0.0122239403
-0.989918768
0
0
0
0
0
0
0
0
0
0
0
0
0
0
0
0
0
0
0
0
0
0
0
0
0
0.0284897722
-0.5448578
0.194510907
0.149188295
0.0274450369
-0.00942183658
-0.978284061
0
0
0
0
0
0
0
0
0
0
0
0
0
0
0
0
0
0
0
0
0
0
0
0
0
0.00224918872
-0.538280964
0.122151785
0.152208328
0.0183754079
-0.00557633396
-0.990982234
0
0
0
0
0
0
0
0
0
0
0
0
0
0
0
0
0
0
0
0
0
0
0
0
0
-0.0199148282
-0.499518931
0.0508700237
0.15068993
0.0120556392
-0.00110953581
-0.987669051
0
0
0
0
0
0
0
0
0
0
0
0
0
0
0
0
0
0
0
0
0
0
0
0
0
-0.0358553231
-0.426023006
-0.0105762407
0.140159264
0.0064715012
0.0015293574
-0.982904613
0
0
0
0
0
0
0
0
0
0
0
0
0
0
0
0
0
0
0
0
0
0
0
0
0
-0.0465667397
-0.339051634
-0.0597297549
0.125452518
0.00227589952
0.00189240323
-0.987577915
0
0
0
0
0
0
0
0
0
0
0
0
0
0
0
0
0
0
0
0
0
0
0
0
0
-0.055508256
-0.250578105
-0.101055197
0.11017482
0.000505626667
0.00221329043
-0.984425068
0
0
0
0
0
0
0
0
0
0
0
0
0
0
0
0
0
0
0
0
0
0
0
0
0
-0.0654151961
-0.179403573
-0.159577459
0.0973762274
-0.000984474085
0.00151406322
-0.993098736
0
0
0
0
0
0
0
0
0
0
0
0
0
0
0
0
0
0
0
0
0
0
0
0
0
-0.0739202276
-0.131657869
-0.222211868
0.0885949135
-0.0049422225
0.00187344151
-0.998985648
0
0
0
0
0
0
0
0
0
0
0
0
0
0
0
0
0
0
0
0
0
0
0
0
0
-0.0839800909
-0.0840521753
-0.276849687
0.0816556439
-0.011727999
0.00374583248
-0.985426009
0
0
0
0
0
0
0
0
0
0
0
0
0
0
0
0
0
0
0
0
0
0
0
0
0
-0.0820538178
-0.0309455544
-0.308648109
0.072889246
-0.0160992034
0.00756510254
-0.98886019
0
0
0
0
0
0
0
0
0
0
0
0
0
0
0
0
0
0
0
0
0
0
0
0
0
-0.0738350227
0.00799360126
-0.309100509
0.0647173375
-0.0183460079
0.00989128835
-0.991281331
0
0
0
0
0
0
0
0
0
0
0
0
0
0
0
0
0
0
0
0
0
0
0
0
0
-0.0427170172
0.0356901623
-0.273427904
0.0548194163
-0.0148886638
0.0133899078
-0.996586323
0
0
0
0
0
0
0
0
0
0
0
0
0
0
0
0
0
0
0
0
0
0
0
0
0
-0.0347505957
0.0530090407
-0.224312723
0.0489736125
-0.0127144745
0.0180192739
0.999319494
0
0
0
0
0
0
0
0
0
0
0
0
0
0
0
0
0
0
0
0
0
0
0
0
0
-0.0156656206
0.0673310459
-0.171335846
0.0410173014
-0.00696501322
0.0172777306
0.975603044
0
0
0
0
0
0
0
0
0
0
0
0
0
0
0
0
0
0
0
0
0
0
0
0
0
-0.00680681318
0.0751931146
-0.116875678
0.0355735049
-0.00336290896
0.0145877842
0.989756405
0
0
0
0
0
0
0
0
0
0
0
0
0
0
0
0
0
0
0
0
0
0
0
0
0
0.00197214261
0.075604625
-0.0765115023
0.0305781439
-0.00182579085
0.0109722707
0.980382264
0
0
0
0
0
0
0
0
0
0
0
0
0
0
0
0
0
0
0
0
0
0
0
0
0
0.00490585342
0.0792542696
-0.0479838699
0.0278874412
-0.00174390757
0.00758095365
0.979679763
0
0
0
0
0
0
0
0
0
0
0
0
0
0
0
0
0
0
0
0
0
0
0
0
0
0.00766638294
0.0828965455
-0.0216001198
0.0245756768
-0.000911898911
0.00587247871
0.982069314
0
0
0
0
0
0
0
0
0
0
0
0
0
0
0
0
0
0
0
0
0
0
0
0
0
0.0110692605
0.0801536441
-0.0100905374
0.022977801
0.000253783073
0.00419883616
0.978132188
0
0
0
0
0
0
0
0
0
0
0
0
0
0
0
0
0
0
0
0
0
0
0
0
0
0.00944015011
0.0762455091
4.4927001e-06
0.022449119
0.000149430707
0.00255197426
0.986166418
0
0
0
0
0
0
0
0
0
0
0
0
0
0
0
0
0
0
0
0
0
0
0
0
0
0.00440949202
0.0723467022
0.00186032057
0.0219407473
0.000245809089
0.00149153871
0.991777122
0
0
0
0
0
0
0
0
0
0
0
0
0
0
0
0
0
0
0
0
0
0
0
0
0
0.000175319612
0.0667126626
-0.00163911283
0.022318596
0.000753759407
0.000829070341
0.989303648
0
0
0
0
0
0
0
0
0
0
0
0
0
0
0
0
0
0
0
0
0
0
0
0
0
-0.00965203345
0.0611093752
0.00114966184
0.0234829523
0.000271741766
-0.000598337036
1.01490939
0
0
0
0
0
0
0
0
0
0
0
0
0
0
0
0
0
0
0
0
0
0
0
0
0
-0.0143552423
0.0408898927
-0.006074287
0.0223495718
0.00155319413
-0.00286587514
-0.837835252
0
0
0
0
0
0
0
0
0
0
0
0
0
0
0
0
0
0
0
0
0
0
0
0
0
-0.0153444633
0.0183860511
-0.00958974659
0.0233650487
-0.00044656964
-0.00491289375
-1.00071669
0
0
0
0
0
0
0
0
0
0
0
0
0
0
0
0
0
0
0
0
0
0
0
0
0
-0.0156519264
0.00234488398
-0.0192938149
0.0257075056
-0.00144287199
-0.00704691233
-0.99421525
0
0
0
0
0
0
0
0
0
0
0
0
0
0
0
0
0
0
0
0
0
0
0
0
0
-0.0128801912
0.000860504806
-0.0208319649
0.0256007202
-0.00162770366
-0.0077523822
-0.999154985
0
0
0
0
0
0
0
0
0
0
0
0
0
0
0
0
0
0
0
0
0
0
0
0
0
-0.0104975551
0.000564962626
-0.0181012601
0.0258444417
-0.00172169181
-0.00758843776
-1.00267088
0
0
0
0
0
0
0
0
0
0
0
0
0
0
0
0
0
0
0
0
0
0
0
0
0
