vla: arch = pi0
vla(pi0): hidden=2048 inter=16384 heads=8q/1kv x256 n_layers=18 expert_h=1024 expert_inter=4096 chunk=50 steps=10 real_state=8 real_action=7 matmul_weights=BF16
vla(pi0): backend = CPU (16 threads)
vla(pi0): resident weights = 5.06 GiB
vla(pi0): model loaded (n_threads=16)
action_len=1600
0.00266331434
0.0124796182
-0.050721664
0.0014691801
0.0327085592
0.00227012625
0.996281683
0
0
0
0
0
0
0
0
0
0
0
0
0
0
0
0
0
0
0
0
0
0
0
0
0
-0.000389173627
0.00553388149
-0.0236588046
0.000731300679
0.0298077799
-0.000959946308
1.00979328
0
0
0
0
0
0
0
0
0
0
0
0
0
0
0
0
0
0
0
0
0
0
0
0
0
-0.000688351691
0.00703900307
0.0595869496
7.93688232e-05
0.0188370198
-0.00155152194
-1.00229812
0
0
0
0
0
0
0
0
0
0
0
0
0
0
0
0
0
0
0
0
0
0
0
0
0
0.00357040763
0.00913933665
0.181345254
-0.000792311213
0.0105902581
-0.00663469685
-0.975799441
0
0
0
0
0
0
0
0
0
0
0
0
0
0
0
0
0
0
0
0
0
0
0
0
0
0.0273604728
-0.00216048211
0.30263105
-0.00104989228
0.018849697
-0.01199097
-0.976784289
0
0
0
0
0
0
0
0
0
0
0
0
0
0
0
0
0
0
0
0
0
0
0
0
0
0.0692605823
-0.00900790095
0.398535341
-0.000793025887
0.0340061598
-0.0116036721
-0.987906218
0
0
0
0
0
0
0
0
0
0
0
0
0
0
0
0
0
0
0
0
0
0
0
0
0
0.105785817
-0.00773889571
0.450283736
-0.000552148384
0.0487957038
-0.0126726124
-0.992958426
0
0
0
0
0
0
0
0
0
0
0
0
0
0
0
0
0
0
0
0
0
0
0
0
0
0.137913957
-0.0132271647
0.479980201
0.000915562152
0.0621924177
-0.0149662457
-0.987067401
0
0
0
0
0
0
0
0
0
0
0
0
0
0
0
0
0
0
0
0
0
0
0
0
0
0.150549948
-0.0341136456
0.505173087
0.0102557819
0.0707906708
-0.0150777949
-0.979035378
0
0
0
0
0
0
0
0
0
0
0
0
0
0
0
0
0
0
0
0
0
0
0
0
0
0.155439168
-0.0624191612
0.524013579
0.0228386689
0.0734484643
-0.014592994
-0.975678742
0
0
0
0
0
0
0
0
0
0
0
0
0
0
0
0
0
0
0
0
0
0
0
0
0
0.164862186
-0.0951630175
0.524565399
0.0353331119
0.0768249035
-0.0160711743
-0.970991492
0
0
0
0
0
0
0
0
0
0
0
0
0
0
0
0
0
0
0
0
0
0
0
0
0
0.180599749
-0.126462325
0.512986779
0.0471338928
0.0794668347
-0.0174803212
-0.969636619
0
0
0
0
0
0
0
0
0
0
0
0
0
0
0
0
0
0
0
0
0
0
0
0
0
0.194248885
-0.171717376
0.497419387
0.0598916113
0.0836699605
-0.0190418139
-0.987882257
0
0
0
0
0
0
0
0
0
0
0
0
0
0
0
0
0
0
0
0
0
0
0
0
0
0.203892052
-0.213096231
0.487592071
0.0738650486
0.0900812224
-0.0211426169
-0.979707778
0
0
0
0
0
0
0
0
0
0
0
0
0
0
0
0
0
0
0
0
0
0
0
0
0
0.194042355
-0.255930632
0.478317112
0.086692594
0.092740722
-0.0232236125
-0.990686834
0
0
0
0
0
0
0
0
0
0
0
0
0
0
0
0
0
0
0
0
0
0
0
0
0
0.177771628
-0.315453023
0.461948067
0.0989743844
0.0919568315
-0.0256004073
-0.9945032
0
0
0
0
0
0
0
0
0
0
0
0
0
0
0
0
0
0
0
0
0
0
0
0
0
0.16493994
-0.371984601
0.455645829
0.109194152
0.0895190537
-0.0248346068
-0.97044301
0
0
0
0
0
0
0
0
0
0
0
0
0
0
0
0
0
0
0
0
0
0
0
0
0
0.150572926
-0.416625798
0.438275307
0.115568019
0.0832592323
-0.023669675
-0.976774514
0
0
0
0
0
0
0
0
0
0
0
0
0
0
0
0
0
0
0
0
0
0
0
0
0
0.129024237
-0.460404336
0.408411384
0.124159604
0.0751425102
-0.0213439241
-0.978122294
0
0
0
0
0
0
0
0
0
0
0
0
0
0
0
0
0
0
0
0
0
0
0
0
0
0.10116785
-0.497740805
0.367162049
0.132376075
0.0637769029
-0.0182653926
-0.969286442
0
0
0
0
0
0
0
0
0
0
0
0
0
0
0
0
0
0
0
0
0
0
0
0
0
0.0793348923
-0.52228272
0.312540293
0.138166636
0.051049795
-0.0158617459
-0.988404214
0
0
0
0
0
0
0
0
0
0
0
0
0
0
0
0
0
0
0
0
0
0
0
0
0
0.0523942485
-0.534700096
0.25766927
0.144217938
0.0385234803
-0.0122443773
-0.989526093
0
0
0
0
0
0
0
0
0
0
0
0
0
0
0
0
0
0
0
0
0
0
0
0
0
0.0285732262
-0.545184135
0.194038272
0.149239734
0.0274281576
-0.00941381603
-0.978246868
0
0
0
0
0
0
0
0
0
0
0
0
0
0
0
0
0
0
0
0
0
0
0
0
0
0.00216925889
-0.538497508
0.121985786
0.152265236
0.0183480978
-0.00553216552
-0.991049826
0
0
0
0
0
0
0
0
0
0
0
0
0
0
0
0
0
0
0
0
0
0
0
0
0
-0.019991383
-0.49987632
0.0505841896
0.150779694
0.0120799392
-0.00106194057
-0.987457573
0
0
0
0
0
0
0
0
0
0
0
0
0
0
0
0
0
0
0
0
0
0
0
0
0
-0.0356481597
-0.426367283
-0.0108378083
0.14022392
0.00649888301
0.00155432196
-0.983232558
0
0
0
0
0
0
0
0
0
0
0
0
0
0
0
0
0
0
0
0
0
0
0
0
0
-0.0467446223
-0.339472711
-0.0596570969
0.125536278
0.00228994316
0.00191796618
-0.987372637
0
0
0
0
0
0
0
0
0
0
0
0
0
0
0
0
0
0
0
0
0
0
0
0
0
-0.0554740652
-0.250543416
-0.101462968
0.110233925
0.000495346263
0.00224298052
-0.984603226
0
0
0
0
0
0
0
0
0
0
0
0
0
0
0
0
0
0
0
0
0
0
0
0
0
-0.065350838
-0.179658622
-0.159918427
0.0974482074
-0.00100624328
0.00151994126
-0.993283033
0
0
0
0
0
0
0
0
0
0
0
0
0
0
0
0
0
0
0
0
0
0
0
0
0
-0.0738785639
-0.131933123
-0.222805172
0.0886630714
-0.00497326162
0.00191498082
-0.999303699
0
0
0
0
0
0
0
0
0
0
0
0
0
0
0
0
0
0
0
0
0
0
0
0
0
-0.0842695013
-0.0841522366
-0.277572215
0.081714347
-0.0117528541
0.00377543643
-0.985708296
0
0
0
0
0
0
0
0
0
0
0
0
0
0
0
0
0
0
0
0
0
0
0
0
0
-0.0823110119
-0.031017445
-0.309043288
0.0728891939
-0.0161168464
0.00756945834
-0.988722682
0
0
0
0
0
0
0
0
0
0
0
0
0
0
0
0
0
0
0
0
0
0
0
0
0
-0.074276872
0.00817763805
-0.309910923
0.0647422224
-0.01838056
0.00998812914
-0.99141705
0
0
0
0
0
0
0
0
0
0
0
0
0
0
0
0
0
0
0
0
0
0
0
0
0
-0.0427598879
0.0358128399
-0.273818672
0.0547725558
-0.0149773611
0.0134636275
-0.996675134
0
0
0
0
0
0
0
0
0
0
0
0
0
0
0
0
0
0
0
0
0
0
0
0
0
-0.0346955881
0.0530573837
-0.224656761
0.0489287712
-0.0127907461
0.0180314034
0.999891698
0
0
0
0
0
0
0
0
0
0
0
0
0
0
0
0
0
0
0
0
0
0
0
0
0
-0.0155442879
0.0675672144
-0.171343535
0.0409953706
-0.00700577162
0.0173171628
0.975719273
0
0
0
0
0
0
0
0
0
0
0
0
0
0
0
0
0
0
0
0
0
0
0
0
0
-0.00681139529
0.0751283318
-0.117208883
0.0355384052
-0.00341558829
0.0146690067
0.989964426
0
0
0
0
0
0
0
0
0
0
0
0
0
0
0
0
0
0
0
0
0
0
0
0
0
0.00203673914
0.0758087933
-0.0766177103
0.0305233784
-0.00184899056
0.0109996013
0.980324686
0
0
0
0
0
0
0
0
0
0
0
0
0
0
0
0
0
0
0
0
0
0
0
0
0
0.00495050475
0.0793894529
-0.0480723903
0.0278102998
-0.00174345309
0.00758099556
0.979445398
0
0
0
0
0
0
0
0
0
0
0
0
0
0
0
0
0
0
0
0
0
0
0
0
0
0.00773530826
0.0830964968
-0.0217080116
0.0245229378
-0.000879033934
0.00586434174
0.981951416
0
0
0
0
0
0
0
0
0
0
0
0
0
0
0
0
0
0
0
0
0
0
0
0
0
0.0110594593
0.0805459321
-0.0102878213
0.0229345132
0.000265729614
0.00417012814
0.978050888
0
0
0
0
0
0
0
0
0
0
0
0
0
0
0
0
0
0
0
0
0
0
0
0
0
0.00945681706
0.0764928684
-0.000222161412
0.0223940145
0.000102936756
0.00255455496
0.986472905
0
0
0
0
0
0
0
0
0
0
0
0
0
0
0
0
0
0
0
0
0
0
0
0
0
0.00444438681
0.072396934
0.00194458663
0.0219049193
0.000267608091
0.00150830112
0.991478503
0
0
0
0
0
0
0
0
0
0
0
0
0
0
0
0
0
0
0
0
0
0
0
0
0
0.000143438578
0.0669562221
-0.00176068395
0.022283718
0.000742953271
0.000789418351
0.989376247
0
0
0
0
0
0
0
0
0
0
0
0
0
0
0
0
0
0
0
0
0
0
0
0
0
-0.00970018655
0.061238952
0.00115338713
0.0234321579
0.000245838426
-0.000607120339
1.01485431
0
0
0
0
0
0
0
0
0
0
0
0
0
0
0
0
0
0
0
0
0
0
0
0
0
-0.0142411664
0.0409079902
-0.00622476637
0.0223008618
0.00158677623
-0.00284947851
-0.839885175
0
0
0
0
0
0
0
0
0
0
0
0
0
0
0
0
0
0
0
0
0
0
0
0
0
-0.0151353329
0.0185484961
-0.00986234099
0.0233104378
-0.000425247476
-0.0049141557
-1.00066483
0
0
0
0
0
0
0
0
0
0
0
0
0
0
0
0
0
0
0
0
0
0
0
0
0
-0.0155645907
0.00220198929
-0.0194721445
0.0256662071
-0.00145910447
-0.00702444743
-0.994102895
0
0
0
0
0
0
0
0
0
0
0
0
0
0
0
0
0
0
0
0
0
0
0
0
0
-0.0128594562
0.000919021666
-0.0210664347
0.0255737156
-0.00160664925
-0.00774522219
-0.999019623
0
0
0
0
0
0
0
0
0
0
0
0
0
0
0
0
0
0
0
0
0
0
0
0
0
-0.0105942041
0.000618286431
-0.0182440132
0.0258139092
-0.0017208145
-0.00757676922
-1.00259531
0
0
0
0
0
0
0
0
0
0
0
0
0
0
0
0
0
0
0
0
0
0
0
0
0
