vla: arch = pi0
vla(pi0): hidden=2048 inter=16384 heads=8q/1kv x256 n_layers=18 expert_h=1024 expert_inter=4096 chunk=50 steps=10 real_state=8 real_action=7 matmul_weights=BF16
vla(pi0): backend = CUDA (device 0)
vla(pi0): resident weights = 5.06 GiB
vla(pi0): model loaded (n_threads=16)
action_len=1600
0.00268667378
0.0125018684
-0.0508706197
0.00147248106
0.0327813625
0.00226047565
0.996204972
0
0
0
0
0
0
0
0
0
0
0
0
0
0
0
0
0
0
0
0
0
0
0
0
0
-0.000391057372
0.00564018264
-0.0238109194
0.000726378697
0.0298739169
-0.000953983574
1.00974429
0
0
0
0
0
0
0
0
0
0
0
0
0
0
0
0
0
0
0
0
0
0
0
0
0
-0.000682429527
0.00684860535
0.0594110899
6.45476175e-05
0.0189171825
-0.00153129757
-1.00216508
0
0
0
0
0
0
0
0
0
0
0
0
0
0
0
0
0
0
0
0
0
0
0
0
0
0.0034987689
0.00907459483
0.18103826
-0.000776712375
0.0106357224
-0.00664549973
-0.976543963
0
0
0
0
0
0
0
0
0
0
0
0
0
0
0
0
0
0
0
0
0
0
0
0
0
0.0272584688
-0.00237837154
0.30243814
-0.00104843907
0.0188875217
-0.0119909048
-0.976878226
0
0
0
0
0
0
0
0
0
0
0
0
0
0
0
0
0
0
0
0
0
0
0
0
0
0.0692786798
-0.0092628058
0.399244487
-0.000790463062
0.0340833515
-0.0115658874
-0.988050759
0
0
0
0
0
0
0
0
0
0
0
0
0
0
0
0
0
0
0
0
0
0
0
0
0
0.105707601
-0.00786393229
0.451175213
-0.000557227642
0.048846744
-0.012623379
-0.993127942
0
0
0
0
0
0
0
0
0
0
0
0
0
0
0
0
0
0
0
0
0
0
0
0
0
0.137978122
-0.0132677574
0.479643971
0.000926662062
0.062214382
-0.0149485925
-0.987072408
0
0
0
0
0
0
0
0
0
0
0
0
0
0
0
0
0
0
0
0
0
0
0
0
0
0.150475547
-0.0342489518
0.505075574
0.0103052948
0.0708305016
-0.0150667038
-0.979006708
0
0
0
0
0
0
0
0
0
0
0
0
0
0
0
0
0
0
0
0
0
0
0
0
0
0.155516297
-0.0620899163
0.524051487
0.0229109619
0.0734554306
-0.0145897605
-0.975289822
0
0
0
0
0
0
0
0
0
0
0
0
0
0
0
0
0
0
0
0
0
0
0
0
0
0.164668292
-0.0950800255
0.524483025
0.0353868864
0.0768695399
-0.0160838049
-0.971187472
0
0
0
0
0
0
0
0
0
0
0
0
0
0
0
0
0
0
0
0
0
0
0
0
0
0.180381954
-0.126195014
0.513204277
0.0471912324
0.0794477835
-0.0174920782
-0.970109046
0
0
0
0
0
0
0
0
0
0
0
0
0
0
0
0
0
0
0
0
0
0
0
0
0
0.194299117
-0.17194435
0.497648686
0.0599506199
0.0836542472
-0.0190683752
-0.987710178
0
0
0
0
0
0
0
0
0
0
0
0
0
0
0
0
0
0
0
0
0
0
0
0
0
0.203782171
-0.213137165
0.48736462
0.0739144012
0.0901092365
-0.0211754851
-0.979857266
0
0
0
0
0
0
0
0
0
0
0
0
0
0
0
0
0
0
0
0
0
0
0
0
0
0.193840966
-0.256304175
0.477942348
0.0867118016
0.0927135497
-0.0232271943
-0.990152895
0
0
0
0
0
0
0
0
0
0
0
0
0
0
0
0
0
0
0
0
0
0
0
0
0
0.177465603
-0.31553781
0.461781859
0.0990184546
0.0919277295
-0.0256322734
-0.994604647
0
0
0
0
0
0
0
0
0
0
0
0
0
0
0
0
0
0
0
0
0
0
0
0
0
0.164770991
-0.37192449
0.455662936
0.109255582
0.0895308405
-0.0247949604
-0.969814181
0
0
0
0
0
0
0
0
0
0
0
0
0
0
0
0
0
0
0
0
0
0
0
0
0
0.150469974
-0.416712016
0.438222528
0.115602933
0.0832101554
-0.0236760564
-0.976805329
0
0
0
0
0
0
0
0
0
0
0
0
0
0
0
0
0
0
0
0
0
0
0
0
0
0.12855494
-0.460868865
0.408099979
0.124121897
0.0750835016
-0.0213668924
-0.978014767
0
0
0
0
0
0
0
0
0
0
0
0
0
0
0
0
0
0
0
0
0
0
0
0
0
0.1008448
-0.497419953
0.367112964
0.132404327
0.0637231544
-0.0182760023
-0.968892217
0
0
0
0
0
0
0
0
0
0
0
0
0
0
0
0
0
0
0
0
0
0
0
0
0
0.079120256
-0.522167563
0.312321752
0.138203055
0.0509681366
-0.0158288013
-0.988179386
0
0
0
0
0
0
0
0
0
0
0
0
0
0
0
0
0
0
0
0
0
0
0
0
0
0.0520382524
-0.534995198
0.257916659
0.144180089
0.0384272933
-0.0122314421
-0.990237713
0
0
0
0
0
0
0
0
0
0
0
0
0
0
0
0
0
0
0
0
0
0
0
0
0
0.0284162872
-0.544984281
0.193989486
0.149215147
0.0273388103
-0.00938327052
-0.978273034
0
0
0
0
0
0
0
0
0
0
0
0
0
0
0
0
0
0
0
0
0
0
0
0
0
0.00219793362
-0.538532495
0.121841043
0.152217239
0.0183113869
-0.00558750192
-0.990956903
0
0
0
0
0
0
0
0
0
0
0
0
0
0
0
0
0
0
0
0
0
0
0
0
0
-0.0199199878
-0.499910474
0.0506531857
0.150709197
0.0120000476
-0.00108890492
-0.987496555
0
0
0
0
0
0
0
0
0
0
0
0
0
0
0
0
0
0
0
0
0
0
0
0
0
-0.0360311493
-0.425937235
-0.0107841995
0.140149266
0.00642474229
0.00155115651
-0.983255208
0
0
0
0
0
0
0
0
0
0
0
0
0
0
0
0
0
0
0
0
0
0
0
0
0
-0.0469536111
-0.339107305
-0.0600311868
0.125484884
0.00226123887
0.00187655806
-0.987623096
0
0
0
0
0
0
0
0
0
0
0
0
0
0
0
0
0
0
0
0
0
0
0
0
0
-0.0554436594
-0.250350326
-0.101615779
0.110191599
0.000483045849
0.0021894651
-0.984478116
0
0
0
0
0
0
0
0
0
0
0
0
0
0
0
0
0
0
0
0
0
0
0
0
0
-0.0653735921
-0.179385632
-0.159790769
0.0973557755
-0.0010275211
0.00151391118
-0.993195891
0
0
0
0
0
0
0
0
0
0
0
0
0
0
0
0
0
0
0
0
0
0
0
0
0
-0.073995091
-0.131646931
-0.222665071
0.0886081681
-0.00498568499
0.00189259159
-0.999401033
0
0
0
0
0
0
0
0
0
0
0
0
0
0
0
0
0
0
0
0
0
0
0
0
0
-0.0842806473
-0.0837856308
-0.277058244
0.0816754848
-0.0117849261
0.00375761278
-0.985835791
0
0
0
0
0
0
0
0
0
0
0
0
0
0
0
0
0
0
0
0
0
0
0
0
0
-0.0825410411
-0.030854309
-0.308924198
0.0728680938
-0.0161252916
0.00751306443
-0.98843658
0
0
0
0
0
0
0
0
0
0
0
0
0
0
0
0
0
0
0
0
0
0
0
0
0
-0.0740999207
0.00814764667
-0.309471965
0.0647081807
-0.0184020028
0.00993128959
-0.99115783
0
0
0
0
0
0
0
0
0
0
0
0
0
0
0
0
0
0
0
0
0
0
0
0
0
-0.0427018404
0.0358560756
-0.273598969
0.054758206
-0.0149573488
0.0134479199
-0.996926367
0
0
0
0
0
0
0
0
0
0
0
0
0
0
0
0
0
0
0
0
0
0
0
0
0
-0.0348248631
0.0531619936
-0.224262759
0.0489267297
-0.0127533255
0.0179974325
1.00050581
0
0
0
0
0
0
0
0
0
0
0
0
0
0
0
0
0
0
0
0
0
0
0
0
0
-0.0155068794
0.0676637217
-0.171054587
0.0409778729
-0.00697152736
0.0172941517
0.975569189
0
0
0
0
0
0
0
0
0
0
0
0
0
0
0
0
0
0
0
0
0
0
0
0
0
-0.00687726913
0.0750975385
-0.116887756
0.0355605483
-0.00338998577
0.0146390647
0.989817619
0
0
0
0
0
0
0
0
0
0
0
0
0
0
0
0
0
0
0
0
0
0
0
0
0
0.00193656969
0.0758119449
-0.0762385353
0.030528428
-0.00183738221
0.0110135013
0.980447769
0
0
0
0
0
0
0
0
0
0
0
0
0
0
0
0
0
0
0
0
0
0
0
0
0
0.00478166528
0.0792613924
-0.0479471646
0.0278563835
-0.00173162587
0.00759173417
0.979338467
0
0
0
0
0
0
0
0
0
0
0
0
0
0
0
0
0
0
0
0
0
0
0
0
0
0.00773801841
0.0827877894
-0.021631632
0.0245553739
-0.000844649039
0.0058513782
0.981990933
0
0
0
0
0
0
0
0
0
0
0
0
0
0
0
0
0
0
0
0
0
0
0
0
0
0.011033331
0.0801970735
-0.0101391496
0.0229745694
0.000256212079
0.00418205094
0.977650762
0
0
0
0
0
0
0
0
0
0
0
0
0
0
0
0
0
0
0
0
0
0
0
0
0
0.00954966713
0.0763082504
2.69912398e-05
0.0224405341
0.000152866385
0.00259544258
0.986539364
0
0
0
0
0
0
0
0
0
0
0
0
0
0
0
0
0
0
0
0
0
0
0
0
0
0.00442513684
0.0722365156
0.0018166384
0.0219575297
0.000275552418
0.00150341669
0.991683245
0
0
0
0
0
0
0
0
0
0
0
0
0
0
0
0
0
0
0
0
0
0
0
0
0
5.36203188e-05
0.0666571483
-0.00190250494
0.0223365165
0.000737709284
0.000796677545
0.989219725
0
0
0
0
0
0
0
0
0
0
0
0
0
0
0
0
0
0
0
0
0
0
0
0
0
-0.00983816758
0.0610116273
0.00127499597
0.0235137176
0.000241422516
-0.000572534453
1.0142312
0
0
0
0
0
0
0
0
0
0
0
0
0
0
0
0
0
0
0
0
0
0
0
0
0
-0.0142254177
0.040509589
-0.00606495934
0.0223623943
0.00167920964
-0.0028717434
-0.84559989
0
0
0
0
0
0
0
0
0
0
0
0
0
0
0
0
0
0
0
0
0
0
0
0
0
-0.0152723035
0.0183331463
-0.00979283731
0.0233886559
-0.000471707637
-0.0049313223
-1.00041389
0
0
0
0
0
0
0
0
0
0
0
0
0
0
0
0
0
0
0
0
0
0
0
0
0
-0.0156977233
0.00223088753
-0.0197649524
0.0257295277
-0.00146592106
-0.00702431519
-0.994310975
0
0
0
0
0
0
0
0
0
0
0
0
0
0
0
0
0
0
0
0
0
0
0
0
0
-0.0130118076
0.000859939842
-0.021012282
0.0256189331
-0.0016424146
-0.00775755569
-0.999133587
0
0
0
0
0
0
0
0
0
0
0
0
0
0
0
0
0
0
0
0
0
0
0
0
0
-0.0104936119
0.000461816555
-0.018281579
0.025859369
-0.00171599269
-0.00759106129
-1.00298798
0
0
0
0
0
0
0
0
0
0
0
0
0
0
0
0
0
0
0
0
0
0
0
0
0
