vla: arch = pi0
vla(pi0): hidden=2048 inter=16384 heads=8q/1kv x256 n_layers=18 expert_h=1024 expert_inter=4096 chunk=50 steps=10 real_state=8 real_action=7 matmul_weights=BF16
vla(pi0): backend = SYCL (device 0: Intel(R) Arc(TM) Pro B70 Graphics)
vla(pi0): activations = BF16 (VLA_PI0_BF16_ACT)
vla(pi0): resident weights = 5.06 GiB
vla(pi0): model loaded (n_threads=16)
action_len=1600
0.00271843746
0.0128751248
-0.0499542207
0.00145062746
0.0327745825
0.00221919641
0.998659074
0
0
0
0
0
0
0
0
0
0
0
0
0
0
0
0
0
0
0
0
0
0
0
0
0
-1.51023269e-05
0.00550130755
-0.0225667208
0.000719285861
0.0298555382
-0.000937078614
1.00884962
0
0
0
0
0
0
0
0
0
0
0
0
0
0
0
0
0
0
0
0
0
0
0
0
0
-0.000441707671
0.00638064742
0.0583434775
6.89020671e-05
0.0189446546
-0.0014740366
-0.999452174
0
0
0
0
0
0
0
0
0
0
0
0
0
0
0
0
0
0
0
0
0
0
0
0
0
0.00330933556
0.00923258811
0.179101199
-0.000826036383
0.0102531454
-0.00671662064
-0.977788866
0
0
0
0
0
0
0
0
0
0
0
0
0
0
0
0
0
0
0
0
0
0
0
0
0
0.0263810605
-0.00196634233
0.300593525
-0.00105988607
0.0183961429
-0.0121790748
-0.974889219
0
0
0
0
0
0
0
0
0
0
0
0
0
0
0
0
0
0
0
0
0
0
0
0
0
0.0675826147
-0.00887818635
0.396903574
-0.000765109609
0.0333252251
-0.0116643123
-0.98927778
0
0
0
0
0
0
0
0
0
0
0
0
0
0
0
0
0
0
0
0
0
0
0
0
0
0.104718104
-0.00734518468
0.449562162
-0.000604945992
0.0481453985
-0.0127951838
-0.991961956
0
0
0
0
0
0
0
0
0
0
0
0
0
0
0
0
0
0
0
0
0
0
0
0
0
0.136926413
-0.0138296932
0.47677061
0.000872359902
0.0617431886
-0.0151195973
-0.988208652
0
0
0
0
0
0
0
0
0
0
0
0
0
0
0
0
0
0
0
0
0
0
0
0
0
0.149589837
-0.0343257859
0.502589226
0.0103047229
0.0703017414
-0.0151654333
-0.975482166
0
0
0
0
0
0
0
0
0
0
0
0
0
0
0
0
0
0
0
0
0
0
0
0
0
0.155061081
-0.0624328852
0.52293545
0.0228039511
0.0730657801
-0.014701114
-0.974655092
0
0
0
0
0
0
0
0
0
0
0
0
0
0
0
0
0
0
0
0
0
0
0
0
0
0.163679928
-0.0958988219
0.52451992
0.0354334749
0.0766346008
-0.0161651149
-0.97168225
0
0
0
0
0
0
0
0
0
0
0
0
0
0
0
0
0
0
0
0
0
0
0
0
0
0.178634912
-0.127073392
0.509426892
0.0470014289
0.0791509971
-0.017670989
-0.968709409
0
0
0
0
0
0
0
0
0
0
0
0
0
0
0
0
0
0
0
0
0
0
0
0
0
0.192854673
-0.172957122
0.496244878
0.0600486845
0.0835989118
-0.0192396846
-0.986999214
0
0
0
0
0
0
0
0
0
0
0
0
0
0
0
0
0
0
0
0
0
0
0
0
0
0.202126801
-0.213519007
0.486537248
0.0740157068
0.090064995
-0.0212376378
-0.981880605
0
0
0
0
0
0
0
0
0
0
0
0
0
0
0
0
0
0
0
0
0
0
0
0
0
0.192653716
-0.256002605
0.478566915
0.0870016441
0.0927918851
-0.0233593192
-0.988076031
0
0
0
0
0
0
0
0
0
0
0
0
0
0
0
0
0
0
0
0
0
0
0
0
0
0.17606014
-0.315560669
0.460466295
0.0990064964
0.0917052925
-0.0255799871
-0.990760267
0
0
0
0
0
0
0
0
0
0
0
0
0
0
0
0
0
0
0
0
0
0
0
0
0
0.164771602
-0.37038821
0.453592569
0.109110482
0.0893062577
-0.0245905221
-0.972376704
0
0
0
0
0
0
0
0
0
0
0
0
0
0
0
0
0
0
0
0
0
0
0
0
0
0.149428278
-0.415606737
0.434330255
0.115474083
0.0830937475
-0.0236148536
-0.977401793
0
0
0
0
0
0
0
0
0
0
0
0
0
0
0
0
0
0
0
0
0
0
0
0
0
0.12726143
-0.457868576
0.405252665
0.12383049
0.0751478374
-0.0214392282
-0.978915453
0
0
0
0
0
0
0
0
0
0
0
0
0
0
0
0
0
0
0
0
0
0
0
0
0
0.0999912769
-0.494808555
0.364709377
0.132585496
0.0635493994
-0.0180186592
-0.969895422
0
0
0
0
0
0
0
0
0
0
0
0
0
0
0
0
0
0
0
0
0
0
0
0
0
0.0779718906
-0.52184391
0.310702682
0.138121292
0.0510842539
-0.0159058478
-0.986624718
0
0
0
0
0
0
0
0
0
0
0
0
0
0
0
0
0
0
0
0
0
0
0
0
0
0.0508655645
-0.532469988
0.258650303
0.143841043
0.038687218
-0.0121131344
-0.987358153
0
0
0
0
0
0
0
0
0
0
0
0
0
0
0
0
0
0
0
0
0
0
0
0
0
0.0284120105
-0.543687344
0.194350541
0.149070248
0.0274571292
-0.00953370892
-0.9747293
0
0
0
0
0
0
0
0
0
0
0
0
0
0
0
0
0
0
0
0
0
0
0
0
0
0.0016169697
-0.537017226
0.121386386
0.152030662
0.0186375454
-0.00569935236
-0.991165936
0
0
0
0
0
0
0
0
0
0
0
0
0
0
0
0
0
0
0
0
0
0
0
0
0
-0.0208898261
-0.497233033
0.0513212308
0.150637537
0.0120729376
-0.00114235701
-0.988016367
0
0
0
0
0
0
0
0
0
0
0
0
0
0
0
0
0
0
0
0
0
0
0
0
0
-0.0359341577
-0.42300415
-0.0106007159
0.139678776
0.0066172434
0.00142731052
-0.984830141
0
0
0
0
0
0
0
0
0
0
0
0
0
0
0
0
0
0
0
0
0
0
0
0
0
-0.0482916906
-0.337835819
-0.0586683303
0.125592783
0.00236873655
0.00203249278
-0.985173464
0
0
0
0
0
0
0
0
0
0
0
0
0
0
0
0
0
0
0
0
0
0
0
0
0
-0.05547221
-0.249156564
-0.0998087972
0.110065818
0.000590330455
0.0021732063
-0.984151244
0
0
0
0
0
0
0
0
0
0
0
0
0
0
0
0
0
0
0
0
0
0
0
0
0
-0.0659415796
-0.177773446
-0.159206316
0.0972981676
-0.000705203041
0.00152036687
-0.993858039
0
0
0
0
0
0
0
0
0
0
0
0
0
0
0
0
0
0
0
0
0
0
0
0
0
-0.0738838986
-0.129636765
-0.220612526
0.0884548873
-0.00462792441
0.00167797273
-1.00141907
0
0
0
0
0
0
0
0
0
0
0
0
0
0
0
0
0
0
0
0
0
0
0
0
0
-0.084783338
-0.0824471265
-0.276975363
0.0817577317
-0.0111894356
0.00371464156
-0.985595763
0
0
0
0
0
0
0
0
0
0
0
0
0
0
0
0
0
0
0
0
0
0
0
0
0
-0.0818186626
-0.0300834179
-0.306726158
0.0727304816
-0.0151361441
0.00726083852
-0.988840759
0
0
0
0
0
0
0
0
0
0
0
0
0
0
0
0
0
0
0
0
0
0
0
0
0
-0.073947303
0.00954373926
-0.307584763
0.0644850433
-0.0175614804
0.00982099492
-0.991427422
0
0
0
0
0
0
0
0
0
0
0
0
0
0
0
0
0
0
0
0
0
0
0
0
0
-0.0437458828
0.0364112817
-0.271874845
0.0545610264
-0.0142139727
0.0131501891
-0.995184481
0
0
0
0
0
0
0
0
0
0
0
0
0
0
0
0
0
0
0
0
0
0
0
0
0
-0.0353093073
0.0533371717
-0.223276973
0.0488219671
-0.0121525889
0.0176300928
0.998690307
0
0
0
0
0
0
0
0
0
0
0
0
0
0
0
0
0
0
0
0
0
0
0
0
0
-0.0154496804
0.0685629994
-0.169847429
0.0406953357
-0.00655552559
0.0170350708
0.975096881
0
0
0
0
0
0
0
0
0
0
0
0
0
0
0
0
0
0
0
0
0
0
0
0
0
-0.00660760701
0.0755264908
-0.115325339
0.0353593864
-0.00306717865
0.0142519008
0.991468728
0
0
0
0
0
0
0
0
0
0
0
0
0
0
0
0
0
0
0
0
0
0
0
0
0
0.00224774703
0.0755372941
-0.0744757503
0.0304090716
-0.00163569907
0.0106835049
0.980298817
0
0
0
0
0
0
0
0
0
0
0
0
0
0
0
0
0
0
0
0
0
0
0
0
0
0.00470763072
0.0795002803
-0.0469199158
0.0276523232
-0.00161613664
0.00728452299
0.979370296
0
0
0
0
0
0
0
0
0
0
0
0
0
0
0
0
0
0
0
0
0
0
0
0
0
0.00746341422
0.0834609345
-0.0209276453
0.0244112443
-0.000780853443
0.00568727776
0.982538283
0
0
0
0
0
0
0
0
0
0
0
0
0
0
0
0
0
0
0
0
0
0
0
0
0
0.0117796771
0.0807819292
-0.00939768553
0.0228341483
0.000329869799
0.0040683765
0.981414735
0
0
0
0
0
0
0
0
0
0
0
0
0
0
0
0
0
0
0
0
0
0
0
0
0
0.00972294062
0.076707758
0.000156834722
0.0223875977
0.00023417687
0.00241473224
0.984387696
0
0
0
0
0
0
0
0
0
0
0
0
0
0
0
0
0
0
0
0
0
0
0
0
0
0.00413569435
0.0715721995
0.00101303309
0.0218107495
0.000249533448
0.00139141222
0.992822587
0
0
0
0
0
0
0
0
0
0
0
0
0
0
0
0
0
0
0
0
0
0
0
0
0
0.000399708748
0.0660070181
-0.000752180815
0.0222686436
0.000900204293
0.000784972683
0.991308749
0
0
0
0
0
0
0
0
0
0
0
0
0
0
0
0
0
0
0
0
0
0
0
0
0
-0.0091194585
0.0606153496
0.00189074874
0.0233684592
0.000469052233
-0.000705680344
1.01788533
0
0
0
0
0
0
0
0
0
0
0
0
0
0
0
0
0
0
0
0
0
0
0
0
0
-0.0151490495
0.0402275249
-0.00511328876
0.0222991444
0.00142230419
-0.00310147367
-0.813498616
0
0
0
0
0
0
0
0
0
0
0
0
0
0
0
0
0
0
0
0
0
0
0
0
0
-0.0150923654
0.0176825896
-0.00888173282
0.0234277081
-0.00037777517
-0.00514320843
-0.998867452
0
0
0
0
0
0
0
0
0
0
0
0
0
0
0
0
0
0
0
0
0
0
0
0
0
-0.0154370666
0.00201177597
-0.0181984603
0.0258257389
-0.00141832791
-0.00738243619
-0.991164029
0
0
0
0
0
0
0
0
0
0
0
0
0
0
0
0
0
0
0
0
0
0
0
0
0
-0.0122840032
0.000421844423
-0.0196131989
0.0257154815
-0.00166414212
-0.00807025284
-0.99896884
0
0
0
0
0
0
0
0
0
0
0
0
0
0
0
0
0
0
0
0
0
0
0
0
0
-0.0110262409
0.000476554036
-0.01752159
0.0259185191
-0.00176602742
-0.00796475634
-1.00243342
0
0
0
0
0
0
0
0
0
0
0
0
0
0
0
0
0
0
0
0
0
0
0
0
0
