vla: arch = pi0
vla(pi0): hidden=2048 inter=16384 heads=8q/1kv x256 n_layers=18 expert_h=1024 expert_inter=4096 chunk=50 steps=10 real_state=8 real_action=7 matmul_weights=BF16
vla(pi0): backend = CUDA (device 0)
vla(pi0): activations = BF16 (VLA_PI0_BF16_ACT)
vla(pi0): resident weights = 5.06 GiB
vla(pi0): model loaded (n_threads=16)
action_len=1600
0.00234879949
0.0127272932
-0.0506002456
0.0014793697
0.032502193
0.00214686198
0.996708214
0
0
0
0
0
0
0
0
0
0
0
0
0
0
0
0
0
0
0
0
0
0
0
0
0
-0.000629462767
0.00557523454
-0.0229575709
0.000749704719
0.029750295
-0.000990377623
1.00899589
0
0
0
0
0
0
0
0
0
0
0
0
0
0
0
0
0
0
0
0
0
0
0
0
0
8.25435418e-05
0.0059074061
0.0570405796
0.000122556812
0.0189500209
-0.0015844428
-0.999244928
0
0
0
0
0
0
0
0
0
0
0
0
0
0
0
0
0
0
0
0
0
0
0
0
0
0.00381719926
0.00827167742
0.179144651
-0.000755136251
0.0104504749
-0.00660336064
-0.976496577
0
0
0
0
0
0
0
0
0
0
0
0
0
0
0
0
0
0
0
0
0
0
0
0
0
0.0273845159
-0.00251148152
0.29982397
-0.00101581437
0.0186793674
-0.0121369585
-0.976449788
0
0
0
0
0
0
0
0
0
0
0
0
0
0
0
0
0
0
0
0
0
0
0
0
0
0.0695895329
-0.00921081193
0.396382421
-0.000819661713
0.0337099247
-0.0117611531
-0.990058064
0
0
0
0
0
0
0
0
0
0
0
0
0
0
0
0
0
0
0
0
0
0
0
0
0
0.105013005
-0.00749301352
0.448693633
-0.000555124599
0.0483930297
-0.0130083831
-0.991571784
0
0
0
0
0
0
0
0
0
0
0
0
0
0
0
0
0
0
0
0
0
0
0
0
0
0.137861282
-0.013719962
0.479029
0.000948048721
0.0618174821
-0.0152033549
-0.987233341
0
0
0
0
0
0
0
0
0
0
0
0
0
0
0
0
0
0
0
0
0
0
0
0
0
0.150556415
-0.0342518613
0.503284097
0.01029706
0.0707722381
-0.0152644198
-0.979383767
0
0
0
0
0
0
0
0
0
0
0
0
0
0
0
0
0
0
0
0
0
0
0
0
0
0.155650869
-0.0627285317
0.520850897
0.0229495782
0.0733629391
-0.0147582237
-0.974655151
0
0
0
0
0
0
0
0
0
0
0
0
0
0
0
0
0
0
0
0
0
0
0
0
0
0.164660856
-0.0961944908
0.525562227
0.0354641341
0.0767831802
-0.0161822475
-0.971682191
0
0
0
0
0
0
0
0
0
0
0
0
0
0
0
0
0
0
0
0
0
0
0
0
0
0.179011717
-0.127017945
0.509079397
0.04709341
0.0793119669
-0.0176633764
-0.96714884
0
0
0
0
0
0
0
0
0
0
0
0
0
0
0
0
0
0
0
0
0
0
0
0
0
0.193051279
-0.172661498
0.495028794
0.0600793436
0.0838465318
-0.0191483162
-0.985438704
0
0
0
0
0
0
0
0
0
0
0
0
0
0
0
0
0
0
0
0
0
0
0
0
0
0.201557487
-0.213814661
0.486537188
0.0739544034
0.0903373733
-0.0213071182
-0.980710089
0
0
0
0
0
0
0
0
0
0
0
0
0
0
0
0
0
0
0
0
0
0
0
0
0
0.191859156
-0.255411267
0.476829708
0.0868483484
0.0927918777
-0.0233821627
-0.990026772
0
0
0
0
0
0
0
0
0
0
0
0
0
0
0
0
0
0
0
0
0
0
0
0
0
0.174880579
-0.314858496
0.459673733
0.0988838598
0.092002444
-0.025866475
-0.995441914
0
0
0
0
0
0
0
0
0
0
0
0
0
0
0
0
0
0
0
0
0
0
0
0
0
0.162936717
-0.369353354
0.453592598
0.10901852
0.0896034166
-0.0247587506
-0.968280196
0
0
0
0
0
0
0
0
0
0
0
0
0
0
0
0
0
0
0
0
0
0
0
0
0
0.148297876
-0.414128423
0.434504062
0.115075514
0.083341375
-0.0237214547
-0.973110139
0
0
0
0
0
0
0
0
0
0
0
0
0
0
0
0
0
0
0
0
0
0
0
0
0
0.127326965
-0.458607733
0.405165881
0.123891823
0.0751230717
-0.0215239394
-0.978525341
0
0
0
0
0
0
0
0
0
0
0
0
0
0
0
0
0
0
0
0
0
0
0
0
0
0.0987789482
-0.494217217
0.366099179
0.131910995
0.0639579892
-0.0185402371
-0.966969311
0
0
0
0
0
0
0
0
0
0
0
0
0
0
0
0
0
0
0
0
0
0
0
0
0
0.0776442215
-0.522139549
0.312439859
0.137630746
0.0511833094
-0.0158753898
-0.990135968
0
0
0
0
0
0
0
0
0
0
0
0
0
0
0
0
0
0
0
0
0
0
0
0
0
0.0503535978
-0.531139433
0.257868618
0.144024983
0.0387243591
-0.012150255
-0.990089178
0
0
0
0
0
0
0
0
0
0
0
0
0
0
0
0
0
0
0
0
0
0
0
0
0
0.0283628702
-0.542209029
0.193134502
0.148457065
0.0277279709
-0.00949444808
-0.978240609
0
0
0
0
0
0
0
0
0
0
0
0
0
0
0
0
0
0
0
0
0
0
0
0
0
0.00112547458
-0.53613019
0.123015024
0.151785389
0.0186615381
-0.00552422414
-0.989995599
0
0
0
0
0
0
0
0
0
0
0
0
0
0
0
0
0
0
0
0
0
0
0
0
0
-0.0207505729
-0.494572014
0.0517772548
0.150024354
0.0121131781
-0.00115758716
-0.98811394
0
0
0
0
0
0
0
0
0
0
0
0
0
0
0
0
0
0
0
0
0
0
0
0
0
-0.0359587334
-0.422265053
-0.00958655309
0.13900426
0.00657855347
0.001497744
-0.984439969
0
0
0
0
0
0
0
0
0
0
0
0
0
0
0
0
0
0
0
0
0
0
0
0
0
-0.0478155762
-0.335174918
-0.0569093823
0.124550372
0.00225111423
0.00176599668
-0.986733913
0
0
0
0
0
0
0
0
0
0
0
0
0
0
0
0
0
0
0
0
0
0
0
0
0
-0.0556360148
-0.247419521
-0.0978978202
0.10926868
0.000712596811
0.00202092179
-0.983761132
0
0
0
0
0
0
0
0
0
0
0
0
0
0
0
0
0
0
0
0
0
0
0
0
0
-0.0665969029
-0.175629929
-0.155805156
0.0963477343
-0.000702107791
0.00138140761
-0.99483341
0
0
0
0
0
0
0
0
0
0
0
0
0
0
0
0
0
0
0
0
0
0
0
0
0
-0.0737405419
-0.129119381
-0.217724398
0.0878417119
-0.00447237911
0.00164751429
-1.00024855
0
0
0
0
0
0
0
0
0
0
0
0
0
0
0
0
0
0
0
0
0
0
0
0
0
-0.0846195146
-0.0813476518
-0.273091018
0.0810219198
-0.0109665673
0.00343101099
-0.987144053
0
0
0
0
0
0
0
0
0
0
0
0
0
0
0
0
0
0
0
0
0
0
0
0
0
-0.08181867
-0.029094791
-0.303577393
0.072270602
-0.0150742354
0.00721539417
-0.987719178
0
0
0
0
0
0
0
0
0
0
0
0
0
0
0
0
0
0
0
0
0
0
0
0
0
-0.0737097338
0.00976549368
-0.305152625
0.0641631335
-0.0176566634
0.00977721345
-0.992110133
0
0
0
0
0
0
0
0
0
0
0
0
0
0
0
0
0
0
0
0
0
0
0
0
0
-0.0441390909
0.0364389978
-0.269084454
0.05430042
-0.0143749304
0.0131216357
-0.993721485
0
0
0
0
0
0
0
0
0
0
0
0
0
0
0
0
0
0
0
0
0
0
0
0
0
-0.0354403667
0.0539377406
-0.221333474
0.048622679
-0.012112353
0.0177647732
0.99908042
0
0
0
0
0
0
0
0
0
0
0
0
0
0
0
0
0
0
0
0
0
0
0
0
0
-0.0162974969
0.0681564659
-0.167154759
0.0408486277
-0.00654546591
0.0170350727
0.976181924
0
0
0
0
0
0
0
0
0
0
0
0
0
0
0
0
0
0
0
0
0
0
0
0
0
-0.00709910551
0.0756858736
-0.113964096
0.0353944115
-0.00321237091
0.0143508865
0.988103747
0
0
0
0
0
0
0
0
0
0
0
0
0
0
0
0
0
0
0
0
0
0
0
0
0
0.00156785233
0.076026991
-0.0736071318
0.030416742
-0.00167632673
0.0106830262
0.980103791
0
0
0
0
0
0
0
0
0
0
0
0
0
0
0
0
0
0
0
0
0
0
0
0
0
0.00483971136
0.079186134
-0.0460730419
0.0277989078
-0.00152516353
0.00749010732
0.981711268
0
0
0
0
0
0
0
0
0
0
0
0
0
0
0
0
0
0
0
0
0
0
0
0
0
0.0079221325
0.0823836774
-0.0216442365
0.02447257
-0.000913953118
0.00568346772
0.983318627
0
0
0
0
0
0
0
0
0
0
0
0
0
0
0
0
0
0
0
0
0
0
0
0
0
0.0117960442
0.0797898471
-0.00929997582
0.0230410974
0.000327162241
0.00413214415
0.981024504
0
0
0
0
0
0
0
0
0
0
0
0
0
0
0
0
0
0
0
0
0
0
0
0
0
0.00964103639
0.0752109662
-6.91263704e-05
0.0225811321
0.000178460628
0.0023842752
0.987508774
0
0
0
0
0
0
0
0
0
0
0
0
0
0
0
0
0
0
0
0
0
0
0
0
0
0.00400463259
0.070881553
0.00150163181
0.0220100321
0.000261911977
0.00140759163
0.991652131
0
0
0
0
0
0
0
0
0
0
0
0
0
0
0
0
0
0
0
0
0
0
0
0
0
0.000236894062
0.0649260059
-0.00119192107
0.0225177482
0.000914909877
0.000678371813
0.991698921
0
0
0
0
0
0
0
0
0
0
0
0
0
0
0
0
0
0
0
0
0
0
0
0
0
-0.00968467165
0.0598158538
0.00258564553
0.0237270258
0.000455124013
-0.000690450659
1.01671493
0
0
0
0
0
0
0
0
0
0
0
0
0
0
0
0
0
0
0
0
0
0
0
0
0
-0.0147558656
0.0398209952
-0.00607417757
0.0224754363
0.00134801236
-0.0031366921
-0.811742902
0
0
0
0
0
0
0
0
0
0
0
0
0
0
0
0
0
0
0
0
0
0
0
0
0
-0.0150596118
0.0170912705
-0.00866458844
0.0235695038
-0.000356108649
-0.00509752287
-1.00257385
0
0
0
0
0
0
0
0
0
0
0
0
0
0
0
0
0
0
0
0
0
0
0
0
0
-0.0159203745
0.00154517114
-0.0189801864
0.0260595195
-0.00140062498
-0.00730724446
-0.991066456
0
0
0
0
0
0
0
0
0
0
0
0
0
0
0
0
0
0
0
0
0
0
0
0
0
-0.0128737809
-2.16349545e-05
-0.0201265682
0.0259377602
-0.00176319294
-0.00807596371
-0.999749184
0
0
0
0
0
0
0
0
0
0
0
0
0
0
0
0
0
0
0
0
0
0
0
0
0
-0.0108245173
-0.000299550913
-0.0167778451
0.0262251124
-0.00169290171
-0.00785815809
-1.00321364
0
0
0
0
0
0
0
0
0
0
0
0
0
0
0
0
0
0
0
0
0
0
0
0
0
