vla: arch = pi0
vla(pi0): hidden=2048 inter=16384 heads=8q/1kv x256 n_layers=18 expert_h=1024 expert_inter=4096 chunk=50 steps=10 real_state=8 real_action=7 matmul_weights=BF16
vla(pi0): backend = CPU (16 threads)
vla(pi0): resident weights = 5.06 GiB
vla(pi0): model loaded (n_threads=16)
action_len=1600
0.0026712846
0.0125428094
-0.0507546775
0.00146986754
0.032789167
0.00230666529
0.996226847
0
0
0
0
0
0
0
0
0
0
0
0
0
0
0
0
0
0
0
0
0
0
0
0
0
-0.000343150314
0.00566647295
-0.0236610956
0.000720110664
0.0298180338
-0.000965304032
1.00990677
0
0
0
0
0
0
0
0
0
0
0
0
0
0
0
0
0
0
0
0
0
0
0
0
0
-0.000546512834
0.00707199518
0.0595838539
7.12962428e-05
0.0188341662
-0.00157051685
-1.00187361
0
0
0
0
0
0
0
0
0
0
0
0
0
0
0
0
0
0
0
0
0
0
0
0
0
0.00361878658
0.00910526142
0.181068376
-0.000800491951
0.0105909491
-0.00664694142
-0.975812256
0
0
0
0
0
0
0
0
0
0
0
0
0
0
0
0
0
0
0
0
0
0
0
0
0
0.0274876896
-0.00231345766
0.302448213
-0.00102889072
0.0188266356
-0.0119871153
-0.976428211
0
0
0
0
0
0
0
0
0
0
0
0
0
0
0
0
0
0
0
0
0
0
0
0
0
0.0692928806
-0.00903036539
0.398603648
-0.000789665442
0.0340527073
-0.011583562
-0.9878667
0
0
0
0
0
0
0
0
0
0
0
0
0
0
0
0
0
0
0
0
0
0
0
0
0
0.105671525
-0.00791435968
0.450774252
-0.000557926833
0.0487811007
-0.0126331626
-0.993097663
0
0
0
0
0
0
0
0
0
0
0
0
0
0
0
0
0
0
0
0
0
0
0
0
0
0.137870342
-0.0133134583
0.479647964
0.000937015517
0.0621775724
-0.0149362497
-0.986969709
0
0
0
0
0
0
0
0
0
0
0
0
0
0
0
0
0
0
0
0
0
0
0
0
0
0.150228858
-0.0342037939
0.505171537
0.0103023462
0.0707588792
-0.015057289
-0.978766382
0
0
0
0
0
0
0
0
0
0
0
0
0
0
0
0
0
0
0
0
0
0
0
0
0
0.155352607
-0.0622855872
0.523909867
0.0228896122
0.073395133
-0.0145433908
-0.975445867
0
0
0
0
0
0
0
0
0
0
0
0
0
0
0
0
0
0
0
0
0
0
0
0
0
0.16462791
-0.0950687453
0.524547875
0.0353705175
0.0767683014
-0.0160230342
-0.97117728
0
0
0
0
0
0
0
0
0
0
0
0
0
0
0
0
0
0
0
0
0
0
0
0
0
0.180596337
-0.126477569
0.512711227
0.0471701808
0.0793948248
-0.0174791198
-0.969696939
0
0
0
0
0
0
0
0
0
0
0
0
0
0
0
0
0
0
0
0
0
0
0
0
0
0.194230333
-0.171912372
0.4972229
0.0599174462
0.0836242661
-0.0190216843
-0.987719595
0
0
0
0
0
0
0
0
0
0
0
0
0
0
0
0
0
0
0
0
0
0
0
0
0
0.20382528
-0.213017672
0.487282813
0.0739135891
0.0900370106
-0.0211253632
-0.979736865
0
0
0
0
0
0
0
0
0
0
0
0
0
0
0
0
0
0
0
0
0
0
0
0
0
0.194041252
-0.255820513
0.477826238
0.0867005661
0.0927261412
-0.0231900569
-0.990635872
0
0
0
0
0
0
0
0
0
0
0
0
0
0
0
0
0
0
0
0
0
0
0
0
0
0.177778155
-0.315165192
0.461512268
0.0989788547
0.0918835998
-0.0255557578
-0.994714022
0
0
0
0
0
0
0
0
0
0
0
0
0
0
0
0
0
0
0
0
0
0
0
0
0
0.164785624
-0.371717364
0.45584625
0.109179422
0.0894323811
-0.0247940514
-0.970339954
0
0
0
0
0
0
0
0
0
0
0
0
0
0
0
0
0
0
0
0
0
0
0
0
0
0.150771841
-0.416267276
0.437942982
0.115565591
0.0831952691
-0.0236474462
-0.976596534
0
0
0
0
0
0
0
0
0
0
0
0
0
0
0
0
0
0
0
0
0
0
0
0
0
0.128760442
-0.460246861
0.408291578
0.124087773
0.0751169696
-0.0213360377
-0.978350818
0
0
0
0
0
0
0
0
0
0
0
0
0
0
0
0
0
0
0
0
0
0
0
0
0
0.101050168
-0.497435063
0.366887152
0.132326186
0.06373927
-0.0182899814
-0.969185829
0
0
0
0
0
0
0
0
0
0
0
0
0
0
0
0
0
0
0
0
0
0
0
0
0
0.0792732462
-0.522174418
0.312353969
0.13814415
0.0510664992
-0.0158344004
-0.988162756
0
0
0
0
0
0
0
0
0
0
0
0
0
0
0
0
0
0
0
0
0
0
0
0
0
0.0520165563
-0.534343004
0.257926047
0.144203857
0.038488701
-0.012229288
-0.989722192
0
0
0
0
0
0
0
0
0
0
0
0
0
0
0
0
0
0
0
0
0
0
0
0
0
0.028613437
-0.544739783
0.19405444
0.149228409
0.0274281818
-0.00942410715
-0.978225529
0
0
0
0
0
0
0
0
0
0
0
0
0
0
0
0
0
0
0
0
0
0
0
0
0
0.00219553383
-0.538295627
0.12182299
0.152231976
0.0183404759
-0.00553583773
-0.99110502
0
0
0
0
0
0
0
0
0
0
0
0
0
0
0
0
0
0
0
0
0
0
0
0
0
-0.0199420974
-0.499525964
0.0505851917
0.150732875
0.0120664341
-0.00110523845
-0.987605155
0
0
0
0
0
0
0
0
0
0
0
0
0
0
0
0
0
0
0
0
0
0
0
0
0
-0.0357656553
-0.42567274
-0.0108416351
0.140175074
0.00645240955
0.00156585849
-0.983149707
0
0
0
0
0
0
0
0
0
0
0
0
0
0
0
0
0
0
0
0
0
0
0
0
0
-0.0468054898
-0.338371009
-0.060112875
0.125496671
0.00225816807
0.00192518602
-0.987531126
0
0
0
0
0
0
0
0
0
0
0
0
0
0
0
0
0
0
0
0
0
0
0
0
0
-0.0553268343
-0.250187039
-0.101275995
0.110168897
0.000484999793
0.00221334933
-0.984586954
0
0
0
0
0
0
0
0
0
0
0
0
0
0
0
0
0
0
0
0
0
0
0
0
0
-0.0651986599
-0.179083735
-0.159766287
0.0973930433
-0.000963380851
0.00150760286
-0.993033648
0
0
0
0
0
0
0
0
0
0
0
0
0
0
0
0
0
0
0
0
0
0
0
0
0
-0.0741010904
-0.131514132
-0.222778589
0.0886051059
-0.00492023909
0.00192154478
-0.999011874
0
0
0
0
0
0
0
0
0
0
0
0
0
0
0
0
0
0
0
0
0
0
0
0
0
-0.0839234591
-0.0835220665
-0.277267635
0.0816839039
-0.0117286714
0.00375872594
-0.985564828
0
0
0
0
0
0
0
0
0
0
0
0
0
0
0
0
0
0
0
0
0
0
0
0
0
-0.082082592
-0.0308010504
-0.308697224
0.0728700832
-0.0161059424
0.0075323577
-0.988605142
0
0
0
0
0
0
0
0
0
0
0
0
0
0
0
0
0
0
0
0
0
0
0
0
0
-0.0737504661
0.00815957319
-0.3090837
0.0646683127
-0.0183003079
0.00990798697
-0.9909513
0
0
0
0
0
0
0
0
0
0
0
0
0
0
0
0
0
0
0
0
0
0
0
0
0
-0.0425799564
0.035812851
-0.273040295
0.0547659062
-0.0148809226
0.0133965081
-0.996122599
0
0
0
0
0
0
0
0
0
0
0
0
0
0
0
0
0
0
0
0
0
0
0
0
0
-0.0346927531
0.0530654788
-0.224273399
0.0489586815
-0.0126966853
0.0179554727
0.999815643
0
0
0
0
0
0
0
0
0
0
0
0
0
0
0
0
0
0
0
0
0
0
0
0
0
-0.0154547831
0.0677285045
-0.171026662
0.0410098098
-0.0069605913
0.0172199234
0.975664914
0
0
0
0
0
0
0
0
0
0
0
0
0
0
0
0
0
0
0
0
0
0
0
0
0
-0.00671402412
0.0749505684
-0.116810977
0.0355665796
-0.00336139463
0.0145661682
0.989953578
0
0
0
0
0
0
0
0
0
0
0
0
0
0
0
0
0
0
0
0
0
0
0
0
0
0.00192847522
0.0754757747
-0.0763522834
0.0305693857
-0.00185366289
0.0109159723
0.980357528
0
0
0
0
0
0
0
0
0
0
0
0
0
0
0
0
0
0
0
0
0
0
0
0
0
0.00480936328
0.0791842863
-0.0478691831
0.0278706141
-0.00172823644
0.00753959501
0.979789019
0
0
0
0
0
0
0
0
0
0
0
0
0
0
0
0
0
0
0
0
0
0
0
0
0
0.00778967049
0.0826262012
-0.0214814395
0.0245752726
-0.000874065678
0.0058114347
0.982296109
0
0
0
0
0
0
0
0
0
0
0
0
0
0
0
0
0
0
0
0
0
0
0
0
0
0.0109843696
0.0801054835
-0.00999301765
0.0229614228
0.000262960995
0.00418910617
0.977807224
0
0
0
0
0
0
0
0
0
0
0
0
0
0
0
0
0
0
0
0
0
0
0
0
0
0.00947062764
0.076236628
1.89489367e-06
0.0224258322
0.000123981998
0.00254603731
0.986324728
0
0
0
0
0
0
0
0
0
0
0
0
0
0
0
0
0
0
0
0
0
0
0
0
0
0.00433299784
0.0722602606
0.00178533257
0.0219259989
0.000284252921
0.00148002524
0.991599977
0
0
0
0
0
0
0
0
0
0
0
0
0
0
0
0
0
0
0
0
0
0
0
0
0
9.85075603e-05
0.0666755959
-0.00174930249
0.0223022345
0.000762147771
0.000803312287
0.989291131
0
0
0
0
0
0
0
0
0
0
0
0
0
0
0
0
0
0
0
0
0
0
0
0
0
-0.00971620996
0.0610017143
0.00109848659
0.0234641004
0.000277353829
-0.000594772806
1.0150938
0
0
0
0
0
0
0
0
0
0
0
0
0
0
0
0
0
0
0
0
0
0
0
0
0
-0.0144629041
0.0409813188
-0.0061563123
0.0223282911
0.0015276944
-0.002860029
-0.83377862
0
0
0
0
0
0
0
0
0
0
0
0
0
0
0
0
0
0
0
0
0
0
0
0
0
-0.0153413294
0.0185006279
-0.00978460629
0.0233437065
-0.000438240852
-0.00492938701
-1.0006386
0
0
0
0
0
0
0
0
0
0
0
0
0
0
0
0
0
0
0
0
0
0
0
0
0
-0.0155206788
0.00233249064
-0.0192938559
0.0257102009
-0.001451644
-0.00704347156
-0.994292259
0
0
0
0
0
0
0
0
0
0
0
0
0
0
0
0
0
0
0
0
0
0
0
0
0
-0.0127854869
0.000938077981
-0.0208140891
0.0255946275
-0.0016129564
-0.00774801243
-0.999035597
0
0
0
0
0
0
0
0
0
0
0
0
0
0
0
0
0
0
0
0
0
0
0
0
0
-0.010319178
0.000601953187
-0.0179549754
0.0258361381
-0.00171936734
-0.00758150825
-1.00275803
0
0
0
0
0
0
0
0
0
0
0
0
0
0
0
0
0
0
0
0
0
0
0
0
0
